0 0.141388 0.297136 0.046272 0.073986
1 0.212725 0.291169 0.057841 0.081146
2 0.277635 0.284010 0.048843 0.085919
3 0.343188 0.274463 0.051414 0.085919
4 0.411311 0.263723 0.046272 0.088305
5 0.472365 0.255370 0.055270 0.085919
6 0.539203 0.244630 0.050129 0.088305
7 0.604756 0.245823 0.055270 0.095465
8 0.671594 0.231504 0.047558 0.100239
9 0.744859 0.231504 0.042416 0.085919
0 0.145244 0.433174 0.048843 0.059666
0 0.142674 0.569212 0.048843 0.064439
0 0.152314 0.723150 0.060411 0.057279
0 0.158098 0.850835 0.056555 0.059666
1 0.217866 0.412888 0.055270 0.071599
1 0.222365 0.557279 0.056555 0.064439
1 0.225578 0.704057 0.047558 0.047733
1 0.239075 0.832936 0.046272 0.062053
2 0.282134 0.403341 0.052699 0.081146
2 0.287918 0.544153 0.056555 0.076372
2 0.298843 0.675418 0.055270 0.066826
2 0.313625 0.816229 0.048843 0.081146
3 0.346401 0.377088 0.052699 0.066826
3 0.347044 0.528640 0.046272 0.069212
3 0.357969 0.661098 0.047558 0.062053
3 0.370823 0.799523 0.047558 0.066826
4 0.412596 0.373508 0.046272 0.083532
4 0.410668 0.519093 0.055270 0.083532
4 0.414524 0.644391 0.044987 0.076372
4 0.420951 0.792363 0.047558 0.071599
5 0.476221 0.359189 0.052699 0.093079
5 0.483933 0.510740 0.052699 0.100239
5 0.489075 0.626492 0.055270 0.097852
5 0.485861 0.768496 0.056555 0.085919
6 0.545630 0.356802 0.050129 0.088305
6 0.551414 0.495227 0.051414 0.083532
6 0.553985 0.627685 0.048843 0.081146
6 0.553985 0.760143 0.051414 0.083532
7 0.610540 0.352029 0.061697 0.093079
7 0.615039 0.501193 0.052699 0.076372
7 0.622108 0.616945 0.061697 0.078759
7 0.619537 0.752983 0.059126 0.088305
8 0.681877 0.347255 0.060411 0.078759
8 0.680591 0.484487 0.057841 0.081146
8 0.693445 0.603819 0.052699 0.090692
8 0.690231 0.738663 0.059126 0.102625
9 0.744859 0.346062 0.044987 0.085919
9 0.748715 0.483294 0.044987 0.069212
9 0.755784 0.595465 0.041131 0.078759
9 0.752571 0.736277 0.044987 0.097852
