0 0.099805 0.177131 0.051254 0.065092
0 0.100238 0.302419 0.052119 0.066244
0 0.102725 0.440092 0.053633 0.057604
0 0.107807 0.561060 0.051254 0.065092
0 0.107807 0.665755 0.056012 0.067108
1 0.199935 0.172811 0.062500 0.080069
1 0.197124 0.302995 0.058607 0.077765
1 0.193555 0.428859 0.054498 0.073733
1 0.192798 0.561636 0.046497 0.074885
1 0.195502 0.661434 0.060121 0.088422
2 0.298443 0.170075 0.060986 0.083237
2 0.293253 0.290179 0.063149 0.082085
2 0.288495 0.427275 0.055363 0.080933
2 0.289252 0.544643 0.058607 0.076613
2 0.292063 0.659274 0.059472 0.071429
3 0.386138 0.149482 0.063365 0.071429
3 0.389381 0.275346 0.068123 0.080069
3 0.385056 0.415035 0.056012 0.065092
3 0.384083 0.534994 0.059256 0.064228
3 0.387327 0.650778 0.059256 0.069412
4 0.468317 0.146745 0.057742 0.074597
4 0.467561 0.268433 0.059256 0.078917
4 0.465074 0.405818 0.060770 0.078917
4 0.463452 0.527506 0.065744 0.076901
4 0.470264 0.643721 0.058607 0.072581
5 0.553201 0.126440 0.070502 0.085253
5 0.552011 0.252304 0.072881 0.081221
5 0.548767 0.392569 0.066393 0.090438
5 0.553525 0.516849 0.061635 0.091878
5 0.557526 0.634793 0.060121 0.080069
6 0.650519 0.118952 0.060121 0.072581
6 0.643707 0.243232 0.057742 0.084389
6 0.644139 0.377160 0.052119 0.074597
6 0.644464 0.515265 0.057526 0.075461
6 0.642517 0.641129 0.053633 0.073733
7 0.737024 0.117944 0.064879 0.076901
7 0.729022 0.245392 0.063149 0.084101
7 0.726535 0.387817 0.063365 0.083237
7 0.726211 0.515265 0.059256 0.077765
7 0.732591 0.640697 0.065528 0.074597
8 0.830666 0.101815 0.064879 0.076901
8 0.825151 0.227823 0.061635 0.072581
8 0.818231 0.363767 0.067258 0.084101
8 0.821583 0.503600 0.070502 0.082085
8 0.824719 0.634649 0.060770 0.075749
9 0.914468 0.095478 0.052984 0.087270
9 0.914792 0.224510 0.060121 0.080933
9 0.904844 0.363767 0.064014 0.086406
9 0.899978 0.502016 0.067258 0.087558
9 0.905169 0.639977 0.068123 0.086406
