0 0.101687 0.224537 0.075397 0.078704
0 0.101438 0.345899 0.068948 0.068783
0 0.091766 0.494378 0.061508 0.056217
0 0.090526 0.667989 0.081845 0.071429
0 0.085813 0.816468 0.077381 0.070767
1 0.210069 0.214616 0.071925 0.078704
1 0.200397 0.334987 0.067460 0.074735
1 0.196925 0.487765 0.056548 0.090608
1 0.194692 0.666667 0.056052 0.082011
1 0.190476 0.809193 0.061508 0.091931
2 0.313492 0.204365 0.078373 0.092593
2 0.308780 0.315146 0.077877 0.080026
2 0.307292 0.473876 0.078869 0.090608
2 0.304812 0.646495 0.098710 0.090608
2 0.288442 0.804563 0.073909 0.087963
3 0.415923 0.189484 0.065972 0.077381
3 0.412202 0.296296 0.074405 0.085979
3 0.406746 0.463955 0.065476 0.085317
3 0.402778 0.626653 0.071429 0.065476
3 0.393353 0.797619 0.067460 0.083333
4 0.498016 0.178902 0.052579 0.066799
4 0.497768 0.294974 0.066964 0.067460
4 0.489831 0.460648 0.063988 0.070767
4 0.489583 0.620370 0.059524 0.088624
4 0.489583 0.796296 0.066468 0.085979
5 0.590774 0.161706 0.058532 0.072090
5 0.599950 0.283399 0.056052 0.068122
5 0.600198 0.429894 0.063492 0.099206
5 0.605903 0.600529 0.057044 0.093915
5 0.594990 0.765542 0.062004 0.102513
6 0.686508 0.148479 0.061508 0.070767
6 0.687748 0.284722 0.069940 0.095899
6 0.700893 0.431878 0.068452 0.082011
6 0.692460 0.595569 0.064484 0.076058
6 0.691716 0.764220 0.069940 0.089286
7 0.767609 0.153770 0.075893 0.081349
7 0.777034 0.273479 0.068948 0.057540
7 0.785714 0.421296 0.067460 0.067460
7 0.795139 0.589286 0.078373 0.087302
7 0.788938 0.756614 0.074901 0.091270
8 0.853671 0.132275 0.060516 0.091270
8 0.859871 0.264881 0.065972 0.087963
8 0.865823 0.418320 0.059028 0.076058
8 0.872768 0.574735 0.057044 0.087302
8 0.877232 0.747354 0.067956 0.093915
9 0.938740 0.118717 0.068948 0.093254
9 0.941716 0.264220 0.054067 0.074735
9 0.945685 0.410714 0.060020 0.085979
9 0.951885 0.563492 0.059524 0.082011
9 0.955853 0.756944 0.063492 0.103836
