0 0.164948 0.204389 0.048110 0.070611
0 0.163875 0.353435 0.045962 0.063359
0 0.166452 0.485305 0.048969 0.083588
0 0.166989 0.626908 0.050043 0.094275
0 0.168600 0.757634 0.051117 0.076336
1 0.222723 0.205344 0.048969 0.072519
1 0.224334 0.346947 0.052191 0.072519
1 0.226267 0.487023 0.052191 0.090840
1 0.227878 0.629580 0.053265 0.092748
1 0.232925 0.766031 0.059493 0.085496
2 0.286190 0.192557 0.047036 0.083588
2 0.288230 0.332634 0.053265 0.083588
2 0.292204 0.488740 0.055198 0.098092
2 0.293814 0.632252 0.058419 0.098092
2 0.296284 0.763168 0.055198 0.083588
3 0.361791 0.190649 0.059493 0.087405
3 0.360288 0.339695 0.060352 0.076336
3 0.364369 0.491603 0.060352 0.085496
3 0.363832 0.634160 0.057131 0.087405
3 0.360717 0.767748 0.055198 0.074427
4 0.446735 0.186069 0.053265 0.092748
4 0.447165 0.336260 0.054124 0.076336
4 0.448776 0.481489 0.053050 0.083588
4 0.447702 0.630725 0.057345 0.083588
4 0.449850 0.767748 0.055198 0.085115
5 0.531035 0.185115 0.060352 0.090840
5 0.534686 0.335305 0.057345 0.092748
5 0.535653 0.480725 0.061426 0.088931
5 0.540271 0.629580 0.060352 0.088931
5 0.540271 0.768702 0.060352 0.090840
6 0.612328 0.185305 0.051117 0.079771
6 0.612328 0.332443 0.053265 0.080153
6 0.611899 0.481489 0.054124 0.087405
6 0.620060 0.627863 0.056271 0.089313
6 0.621564 0.761450 0.057131 0.076336
7 0.691688 0.189885 0.066366 0.088931
7 0.693621 0.331679 0.068514 0.081679
7 0.695769 0.478053 0.070662 0.083588
7 0.699313 0.618702 0.059278 0.077863
7 0.700816 0.765076 0.064433 0.083588
8 0.776095 0.191603 0.065507 0.096183
8 0.776525 0.333397 0.066366 0.082061
8 0.781143 0.479771 0.067440 0.094656
8 0.780176 0.626145 0.063359 0.092748
8 0.778136 0.768511 0.061426 0.083588
9 0.853200 0.196947 0.060352 0.085496
9 0.858355 0.331679 0.060352 0.100000
9 0.858355 0.480725 0.056057 0.092748
9 0.858355 0.623282 0.060352 0.090840
9 0.857281 0.767939 0.066366 0.100000
