0 0.159675 0.222924 0.051421 0.052347
0 0.158999 0.347022 0.050068 0.051444
0 0.167118 0.476083 0.052774 0.051444
0 0.158999 0.606047 0.047361 0.049639
0 0.153924 0.750451 0.046685 0.053249
1 0.240189 0.221570 0.041949 0.044224
1 0.239851 0.348827 0.049391 0.049639
1 0.238160 0.471119 0.040595 0.045126
1 0.241204 0.601083 0.043978 0.052347
1 0.234100 0.753610 0.048714 0.052347
2 0.312246 0.222924 0.046685 0.046931
2 0.317659 0.338899 0.048038 0.060469
2 0.312923 0.465704 0.054804 0.055957
2 0.314614 0.591606 0.048714 0.062274
2 0.309540 0.741426 0.054804 0.062274
3 0.391069 0.213899 0.052774 0.064982
3 0.391746 0.342509 0.058187 0.073105
3 0.394452 0.453971 0.056834 0.070397
3 0.393775 0.580325 0.058187 0.063177
3 0.381258 0.734206 0.056157 0.064079
4 0.465494 0.212996 0.043302 0.066787
4 0.467524 0.328520 0.051421 0.068592
4 0.469215 0.450361 0.050744 0.064982
4 0.466847 0.568592 0.047361 0.074007
4 0.460758 0.724729 0.059540 0.079422
5 0.539581 0.211191 0.056157 0.070397
5 0.542625 0.325812 0.056834 0.077617
5 0.542287 0.444043 0.056157 0.077617
5 0.540934 0.565884 0.062923 0.079422
5 0.541610 0.721570 0.061570 0.085740
6 0.610284 0.210289 0.046008 0.055957
6 0.606901 0.330325 0.043302 0.052347
6 0.609946 0.453520 0.053451 0.058664
6 0.611637 0.569043 0.050068 0.060469
6 0.607916 0.720217 0.057510 0.057762
7 0.674222 0.206679 0.046685 0.057762
7 0.678620 0.321300 0.054127 0.055957
7 0.679635 0.448105 0.053451 0.064079
7 0.674899 0.565433 0.046685 0.065884
7 0.681664 0.711643 0.057510 0.065884
8 0.739175 0.202166 0.049391 0.066787
8 0.744249 0.316336 0.050068 0.053249
8 0.747970 0.445397 0.061570 0.062274
8 0.745602 0.559116 0.062246 0.071300
8 0.751691 0.699910 0.059540 0.076715
9 0.792287 0.200812 0.040595 0.051444
9 0.798038 0.309567 0.048038 0.048736
9 0.817321 0.431408 0.060893 0.064982
9 0.827808 0.550993 0.056157 0.062274
9 0.834235 0.685921 0.056834 0.063177
