0 0.099118 0.111511 0.074745 0.088729
1 0.186165 0.114508 0.081708 0.098321
2 0.271588 0.114508 0.076137 0.100719
3 0.371402 0.116007 0.093779 0.103717
4 0.478877 0.114508 0.089601 0.112710
5 0.581708 0.118705 0.098422 0.106715
6 0.678273 0.118106 0.082637 0.107914
7 0.773677 0.118705 0.085887 0.118705
8 0.857010 0.119604 0.066852 0.128897
9 0.937558 0.119604 0.069174 0.122902
0 0.094475 0.273082 0.068245 0.088129
1 0.181987 0.274580 0.082637 0.087530
2 0.273909 0.276679 0.077994 0.095324
3 0.360956 0.276679 0.080316 0.097722
4 0.460771 0.281175 0.084958 0.104317
5 0.561513 0.280875 0.086815 0.109712
6 0.656685 0.282374 0.080316 0.112710
7 0.757196 0.284173 0.103064 0.118705
8 0.853528 0.285372 0.073816 0.121103
9 0.938022 0.291966 0.070102 0.119904
0 0.099118 0.441247 0.079387 0.091127
1 0.193361 0.440647 0.080316 0.098321
2 0.279944 0.439748 0.077066 0.108513
3 0.371170 0.440647 0.084958 0.098321
4 0.466342 0.435552 0.089601 0.122902
5 0.565460 0.440348 0.083565 0.109712
6 0.648561 0.439748 0.062210 0.104916
7 0.751161 0.438549 0.113278 0.102518
8 0.845172 0.440647 0.058960 0.100719
9 0.930130 0.443345 0.074745 0.095324
0 0.091690 0.587530 0.080316 0.101918
1 0.178041 0.589928 0.074745 0.106715
2 0.262071 0.590528 0.081244 0.113909
3 0.363510 0.592626 0.098422 0.118106
4 0.465413 0.595624 0.096100 0.124101
5 0.568709 0.598321 0.092851 0.127098
6 0.653900 0.604317 0.065460 0.127098
7 0.734215 0.611511 0.079387 0.118705
8 0.815227 0.592026 0.073352 0.155276
9 0.904596 0.596223 0.084958 0.114508
0 0.089833 0.757794 0.081244 0.094724
1 0.182916 0.766487 0.088208 0.118106
2 0.277391 0.776978 0.084958 0.121103
4 0.465877 0.776379 0.074745 0.119904
5 0.559192 0.785072 0.071031 0.110911
6 0.635097 0.785671 0.066852 0.118106
7 0.724698 0.787770 0.077994 0.119904
8 0.809889 0.789868 0.074745 0.124101
9 0.899489 0.790767 0.076602 0.122302
3 0.373723 0.778477 0.087279 0.124101
