0 0.069906 0.152985 0.056266 0.073134
1 0.189258 0.138060 0.051151 0.076119
2 0.319693 0.141791 0.049446 0.077612
3 0.422847 0.132090 0.047741 0.097015
4 0.517477 0.123134 0.040921 0.111940
0 0.076300 0.329104 0.052003 0.061194
0 0.073316 0.514925 0.054561 0.056716
0 0.090367 0.686567 0.044331 0.047761
0 0.096760 0.851493 0.052003 0.052239
1 0.200341 0.350000 0.049446 0.055224
1 0.212702 0.509701 0.045183 0.061194
1 0.218244 0.702985 0.040921 0.056716
1 0.224211 0.844030 0.047741 0.061194
2 0.332907 0.329104 0.040068 0.082090
2 0.345269 0.492537 0.049446 0.071642
2 0.356777 0.674627 0.034953 0.065672
2 0.360188 0.832090 0.041773 0.085075
3 0.432225 0.320896 0.042626 0.092537
3 0.442455 0.495522 0.040921 0.089552
3 0.450554 0.681343 0.050298 0.085075
3 0.460358 0.828358 0.037511 0.080597
4 0.520034 0.318657 0.040921 0.094030
4 0.525149 0.488060 0.037511 0.077612
4 0.534527 0.681343 0.040921 0.097015
4 0.539642 0.829104 0.037511 0.088060
5 0.601449 0.120896 0.043478 0.107463
5 0.615516 0.306716 0.044331 0.117910
5 0.613811 0.479851 0.037511 0.097015
5 0.623615 0.669403 0.040068 0.097015
5 0.631714 0.823134 0.037511 0.091045
6 0.683717 0.115672 0.040921 0.085075
6 0.695226 0.300000 0.046888 0.095522
6 0.693521 0.479104 0.043478 0.080597
6 0.701194 0.664179 0.041773 0.080597
6 0.719949 0.817910 0.038363 0.083582
7 0.753623 0.112687 0.054561 0.064179
7 0.757460 0.308955 0.045183 0.068657
7 0.763001 0.488060 0.047741 0.068657
7 0.764706 0.672388 0.044331 0.064179
7 0.778772 0.828358 0.038363 0.065672
8 0.823956 0.105224 0.034953 0.100000
8 0.827366 0.305970 0.041773 0.092537
8 0.838022 0.472388 0.039216 0.085075
8 0.840153 0.664925 0.038363 0.105970
8 0.844416 0.828358 0.041773 0.098507
9 0.897272 0.110448 0.036658 0.095522
9 0.898977 0.301493 0.034953 0.083582
9 0.904945 0.485075 0.036658 0.086567
9 0.915601 0.671642 0.037511 0.089552
9 0.916454 0.831343 0.039216 0.092537
