0 0.875331 0.154142 0.092593 0.069196
0 0.682540 0.158234 0.090608 0.074405
0 0.507110 0.156622 0.088294 0.077629
0 0.336310 0.164187 0.099206 0.089286
0 0.143519 0.172371 0.119048 0.102679
1 0.876323 0.253348 0.090608 0.072669
1 0.682540 0.247024 0.099206 0.059524
1 0.508433 0.254960 0.090278 0.065972
1 0.343089 0.262649 0.108135 0.077877
1 0.139220 0.265749 0.105820 0.074653
2 0.881118 0.347470 0.103505 0.059524
2 0.703704 0.351935 0.105820 0.070933
2 0.522487 0.351935 0.097222 0.064484
2 0.352679 0.352679 0.096892 0.069444
2 0.143519 0.349950 0.115079 0.074405
3 0.888724 0.450149 0.110119 0.086310
3 0.702216 0.440972 0.108135 0.084325
3 0.527282 0.437748 0.101521 0.080853
3 0.361938 0.432044 0.101521 0.069444
3 0.148810 0.432168 0.107804 0.066220
4 0.884425 0.544519 0.096892 0.069196
4 0.705522 0.536830 0.110119 0.071181
4 0.521495 0.521949 0.085979 0.061260
4 0.354167 0.516989 0.099206 0.077629
4 0.160880 0.519593 0.114749 0.079365
5 0.890708 0.626984 0.110119 0.059524
5 0.717593 0.613715 0.103836 0.052827
5 0.540179 0.608879 0.110119 0.065972
5 0.369544 0.618056 0.081680 0.054563
5 0.180060 0.616195 0.108135 0.057788
6 0.886409 0.699157 0.092923 0.061012
6 0.725364 0.680184 0.096892 0.056300
6 0.371528 0.689732 0.103505 0.059524
6 0.177745 0.685888 0.103505 0.061260
6 0.553902 0.679439 0.107804 0.046379
7 0.879630 0.769221 0.123677 0.062748
7 0.719081 0.762029 0.088294 0.071181
7 0.552249 0.762029 0.099206 0.061260
7 0.363757 0.757564 0.119048 0.062748
7 0.176257 0.762897 0.119048 0.059524
8 0.885417 0.840526 0.125331 0.059524
8 0.724372 0.833705 0.116733 0.052827
8 0.374835 0.827133 0.136574 0.056548
8 0.178737 0.828001 0.149802 0.058284
8 0.552249 0.828869 0.112434 0.056548
9 0.879630 0.898065 0.127646 0.049603
9 0.708003 0.897321 0.119048 0.064484
9 0.535880 0.881572 0.119378 0.036458
9 0.375827 0.886781 0.116733 0.052827
9 0.189649 0.890005 0.136574 0.059772