0 0.110436 0.262575 0.038139 0.022133
0 0.111903 0.391348 0.037720 0.036888
0 0.113160 0.502683 0.032691 0.030181
0 0.115884 0.608652 0.029757 0.026157
0 0.115256 0.691147 0.028500 0.051643
1 0.188181 0.263581 0.031014 0.063045
1 0.187552 0.389336 0.029757 0.062374
1 0.189648 0.508048 0.036463 0.054326
1 0.190277 0.603622 0.046102 0.049631
1 0.188181 0.701878 0.033529 0.051643
2 0.259220 0.259557 0.038139 0.067069
2 0.259849 0.386989 0.046940 0.063045
2 0.263202 0.510396 0.040235 0.063045
2 0.263202 0.610999 0.040235 0.060362
2 0.262573 0.710597 0.038977 0.069081
3 0.321249 0.246144 0.040654 0.067069
3 0.322087 0.378270 0.038977 0.063045
3 0.317267 0.498323 0.037720 0.056338
3 0.317896 0.599262 0.036463 0.058350
3 0.320620 0.702884 0.041911 0.063045
4 0.386211 0.245473 0.038139 0.077800
4 0.384954 0.377264 0.032272 0.073105
4 0.381601 0.497317 0.036463 0.071764
4 0.379505 0.606640 0.034786 0.073105
4 0.385583 0.708585 0.036882 0.069081
5 0.453688 0.245473 0.040654 0.091214
5 0.446982 0.380617 0.043168 0.083836
5 0.442372 0.500671 0.044845 0.078471
5 0.443630 0.605634 0.044845 0.084507
5 0.443630 0.705231 0.044845 0.079812
6 0.508592 0.253856 0.036463 0.069081
6 0.501048 0.378270 0.040654 0.071093
6 0.496438 0.506036 0.038977 0.058350
6 0.497066 0.603286 0.035205 0.062374
6 0.496438 0.706237 0.036463 0.064386
7 0.571459 0.251844 0.043168 0.069081
7 0.569363 0.376258 0.047360 0.063045
7 0.564124 0.499665 0.041911 0.053655
7 0.560142 0.605634 0.047360 0.053655
7 0.563286 0.720322 0.048617 0.071093
8 0.632230 0.247485 0.040654 0.060362
8 0.628877 0.376258 0.047360 0.063045
8 0.624057 0.500671 0.037720 0.069081
8 0.625524 0.614353 0.038139 0.067069
8 0.618818 0.711603 0.032272 0.063045
9 0.687762 0.242119 0.032691 0.059021
9 0.687133 0.369886 0.033948 0.058350
9 0.680427 0.493293 0.036463 0.058350
9 0.678332 0.604292 0.032272 0.060362
9 0.678961 0.703890 0.033529 0.065057
