0 0.104533 0.155686 0.080514 0.082130
0 0.099797 0.804603 0.080514 0.082130
0 0.103180 0.615975 0.080514 0.082130
0 0.100474 0.470668 0.080514 0.082130
0 0.103180 0.309116 0.080514 0.082130
1 0.195196 0.155686 0.080514 0.082130
1 0.188430 0.801895 0.080514 0.082130
1 0.189783 0.608755 0.080514 0.082130
1 0.191137 0.476986 0.080514 0.082130
1 0.195196 0.307310 0.080514 0.082130
2 0.276387 0.801895 0.080514 0.082130
2 0.275710 0.606047 0.080514 0.082130
2 0.277064 0.476083 0.080514 0.082130
2 0.279770 0.304603 0.080514 0.082130
2 0.283829 0.154783 0.080514 0.082130
3 0.361637 0.155686 0.080514 0.082130
3 0.350812 0.798285 0.080514 0.082130
3 0.350135 0.607852 0.080514 0.082130
3 0.359608 0.480596 0.080514 0.082130
3 0.360284 0.310921 0.080514 0.082130
4 0.440122 0.156588 0.080514 0.082130
4 0.433356 0.798285 0.080514 0.082130
4 0.435386 0.601534 0.080514 0.082130
4 0.440798 0.474278 0.080514 0.082130
4 0.443505 0.309116 0.080514 0.082130
5 0.527402 0.154783 0.080514 0.082130
5 0.514547 0.787455 0.080514 0.082130
5 0.522666 0.591606 0.080514 0.082130
5 0.524019 0.467058 0.080514 0.082130
5 0.526049 0.300090 0.080514 0.082130
6 0.633627 0.156588 0.080514 0.082130
6 0.615359 0.786552 0.080514 0.082130
6 0.621448 0.588899 0.080514 0.082130
6 0.626861 0.467058 0.080514 0.082130
6 0.629567 0.298285 0.080514 0.082130
7 0.728349 0.157491 0.080514 0.082130
7 0.701286 0.783845 0.080514 0.082130
7 0.705345 0.587094 0.080514 0.082130
7 0.705345 0.463448 0.080514 0.082130
7 0.715494 0.291968 0.080514 0.082130
8 0.812923 0.150271 0.080514 0.082130
8 0.786536 0.770307 0.080514 0.082130
8 0.796008 0.578971 0.080514 0.082130
8 0.794655 0.453520 0.080514 0.082130
8 0.805480 0.283845 0.080514 0.082130
9 0.915088 0.147563 0.080514 0.082130
9 0.881258 0.770307 0.080514 0.082130
9 0.902909 0.578069 0.080514 0.082130
9 0.893437 0.465253 0.080514 0.082130
9 0.909675 0.296480 0.080514 0.082130
