0 0.111659 0.206587 0.077583 0.101796
0 0.114874 0.380240 0.078868 0.083167
0 0.113588 0.549900 0.081440 0.097804
0 0.112945 0.720226 0.080154 0.097804
0 0.113588 0.889554 0.081440 0.070526
1 0.215174 0.208916 0.076297 0.118430
1 0.220103 0.386560 0.072439 0.099800
1 0.220746 0.548902 0.071153 0.095808
1 0.217317 0.712908 0.066867 0.087159
1 0.224818 0.875915 0.065581 0.101796
2 0.305615 0.201597 0.061723 0.095808
2 0.319760 0.382568 0.076297 0.103792
2 0.320617 0.548902 0.085727 0.099800
2 0.312259 0.726547 0.075011 0.110446
2 0.324475 0.869927 0.059151 0.101796
3 0.392199 0.191284 0.071153 0.112442
3 0.404201 0.378244 0.066009 0.104458
3 0.410844 0.546574 0.068153 0.108450
3 0.413416 0.709914 0.084441 0.118430
3 0.404201 0.861610 0.062580 0.126414
4 0.482640 0.196274 0.069438 0.118430
4 0.486498 0.364604 0.066867 0.118430
4 0.493999 0.549900 0.081869 0.131071
4 0.496571 0.702595 0.079297 0.107784
4 0.495285 0.850299 0.073296 0.103792
5 0.562366 0.198603 0.073725 0.131071
5 0.559580 0.358283 0.065581 0.131071
5 0.569010 0.538257 0.063009 0.125083
5 0.589799 0.698270 0.069438 0.116434
5 0.584441 0.842648 0.069867 0.135063
6 0.652165 0.193280 0.063009 0.112442
6 0.657951 0.360279 0.066867 0.101796
6 0.658594 0.524617 0.060437 0.105788
6 0.680883 0.698270 0.058723 0.116434
6 0.684098 0.841983 0.054865 0.112442
7 0.747107 0.192947 0.071153 0.103792
7 0.744535 0.370925 0.076297 0.097804
7 0.748393 0.538257 0.073725 0.103792
7 0.764466 0.693280 0.065581 0.114438
7 0.761252 0.840652 0.066867 0.097804
8 0.828761 0.182635 0.063009 0.116434
8 0.828118 0.358616 0.072010 0.114438
8 0.826832 0.543580 0.064295 0.122422
9 0.900557 0.192282 0.061723 0.114438
9 0.901200 0.355622 0.057865 0.116434
9 0.901843 0.533932 0.066867 0.112442
9 0.909987 0.690951 0.061723 0.097804
9 0.914059 0.830339 0.075011 0.106454
8 0.836262 0.684963 0.061723 0.123087
8 0.834762 0.835329 0.058723 0.116434
