0 0.262183 0.270784 0.035338 0.038039
0 0.261898 0.332157 0.033058 0.029020
0 0.263465 0.400784 0.039042 0.029804
0 0.270447 0.463137 0.035338 0.036863
0 0.274010 0.523529 0.034483 0.036078
1 0.310630 0.265882 0.033058 0.039216
1 0.313337 0.332157 0.032203 0.045490
1 0.310915 0.400588 0.038188 0.044314
1 0.316187 0.465686 0.032203 0.044314
1 0.315902 0.524118 0.031633 0.037255
2 0.358364 0.257451 0.032203 0.034118
2 0.362639 0.327059 0.032203 0.049412
2 0.365346 0.391373 0.035908 0.046275
2 0.371331 0.461176 0.035908 0.043137
2 0.375463 0.521569 0.035053 0.042353
3 0.411086 0.253137 0.031633 0.040392
3 0.415218 0.316667 0.030778 0.045098
3 0.416358 0.384706 0.033058 0.043137
3 0.422343 0.460000 0.028498 0.045490
3 0.422343 0.512157 0.028498 0.042353
4 0.448988 0.253725 0.026503 0.045490
4 0.456825 0.320784 0.033058 0.043137
4 0.457965 0.382745 0.030778 0.043137
4 0.459105 0.459020 0.030208 0.045098
4 0.462952 0.510588 0.034483 0.039216
5 0.498148 0.248039 0.035908 0.052941
5 0.504845 0.312353 0.032773 0.047451
5 0.511257 0.375490 0.027928 0.043529
5 0.516956 0.452353 0.028498 0.048235
5 0.521089 0.506078 0.032203 0.046667
6 0.544172 0.248039 0.032203 0.038039
6 0.543460 0.315686 0.027928 0.039216
6 0.551724 0.379608 0.027928 0.041569
6 0.556996 0.458039 0.026503 0.043137
6 0.561841 0.509216 0.036193 0.040392
7 0.593046 0.248039 0.033628 0.054510
7 0.595611 0.322745 0.038757 0.045490
7 0.603876 0.388824 0.040467 0.051373
7 0.614705 0.461569 0.039897 0.046275
7 0.619692 0.512157 0.043602 0.046275
8 0.632374 0.247451 0.031348 0.041569
8 0.641778 0.318824 0.033628 0.045490
8 0.650328 0.380588 0.035908 0.043529
8 0.662439 0.462157 0.029923 0.045098
8 0.666857 0.515882 0.031348 0.041176
9 0.679253 0.247451 0.035053 0.043137
9 0.679538 0.312549 0.027073 0.039216
9 0.692362 0.385294 0.032773 0.048235
9 0.702764 0.463529 0.033058 0.042353
9 0.709176 0.515882 0.024793 0.041176
