0 0.190476 0.172490 0.043189 0.066437
0 0.183693 0.319636 0.041251 0.051673
0 0.168466 0.464321 0.045681 0.071358
0 0.158499 0.641732 0.042359 0.075787
0 0.137320 0.843012 0.043743 0.068898
1 0.248062 0.175935 0.039867 0.061516
1 0.241002 0.318406 0.033499 0.054134
1 0.235880 0.474163 0.043743 0.067421
1 0.223699 0.643947 0.047619 0.073327
1 0.214563 0.844980 0.055371 0.083661
2 0.308555 0.175935 0.042359 0.068406
2 0.302464 0.316191 0.046788 0.067421
2 0.293466 0.475640 0.045958 0.068406
2 0.286130 0.639518 0.045127 0.075295
2 0.276717 0.840305 0.040698 0.072343
3 0.368079 0.170768 0.041805 0.067913
3 0.363234 0.312500 0.039867 0.062992
3 0.354513 0.472933 0.045681 0.069882
3 0.351190 0.624508 0.041251 0.065945
3 0.339147 0.836122 0.038206 0.077756
4 0.427326 0.179380 0.041805 0.073327
4 0.418605 0.308809 0.035991 0.066437
4 0.411960 0.470719 0.044297 0.072343
4 0.408915 0.618848 0.043743 0.071358
4 0.401855 0.831693 0.045127 0.077756
5 0.482420 0.175197 0.040144 0.069882
5 0.477575 0.311024 0.043189 0.068898
5 0.471899 0.468258 0.049557 0.081201
5 0.470515 0.621555 0.044574 0.069882
5 0.462763 0.808809 0.044574 0.082185
6 0.533223 0.177657 0.038760 0.064961
6 0.529762 0.311024 0.039037 0.068898
6 0.530039 0.464321 0.037375 0.071358
6 0.523671 0.620079 0.038483 0.077756
6 0.521041 0.809547 0.037099 0.076772
7 0.594131 0.174213 0.049834 0.074803
7 0.593854 0.308071 0.050388 0.074803
7 0.592885 0.455709 0.052326 0.074803
7 0.586794 0.618848 0.050111 0.071358
7 0.587348 0.801427 0.050111 0.088091
8 0.647010 0.175443 0.035437 0.074311
8 0.650194 0.305364 0.045681 0.080217
8 0.652409 0.449311 0.042359 0.075787
8 0.652409 0.607283 0.045127 0.084646
8 0.652409 0.790354 0.044020 0.098425
9 0.706395 0.187500 0.041251 0.077756
9 0.707780 0.306348 0.041251 0.078248
9 0.706811 0.448327 0.032669 0.070866
9 0.705565 0.615404 0.037929 0.080217
9 0.711102 0.805118 0.041251 0.098425
