0 0.116035 0.121841 0.065629 0.079422
0 0.118742 0.277076 0.060217 0.068592
0 0.116035 0.427798 0.071042 0.081227
0 0.117727 0.608755 0.070365 0.062274
0 0.114005 0.768953 0.066982 0.072202
1 0.199932 0.121390 0.061570 0.082130
1 0.207713 0.279332 0.083897 0.092960
1 0.203992 0.435018 0.053451 0.083032
1 0.206022 0.611462 0.064276 0.073105
1 0.198917 0.782491 0.058187 0.070397
2 0.285859 0.120939 0.068336 0.075812
2 0.288904 0.276625 0.062246 0.092960
2 0.284844 0.430957 0.062246 0.076715
2 0.292287 0.613718 0.062246 0.070397
2 0.298376 0.791968 0.073072 0.085740
3 0.370771 0.113718 0.047361 0.074007
3 0.368403 0.275722 0.056157 0.085740
3 0.369418 0.422834 0.052774 0.080325
3 0.365697 0.609206 0.053451 0.074007
3 0.390054 0.780686 0.065629 0.074007
4 0.438430 0.117329 0.055480 0.083032
4 0.429973 0.276625 0.050744 0.080325
4 0.450947 0.426895 0.057510 0.088448
4 0.446211 0.610108 0.057510 0.083032
4 0.460419 0.781137 0.043978 0.058664
5 0.504398 0.113718 0.043978 0.066787
5 0.510149 0.285650 0.064953 0.091155
5 0.528078 0.444043 0.053451 0.095668
5 0.537212 0.609657 0.077131 0.103791
5 0.546685 0.777527 0.071719 0.082130
6 0.574425 0.111011 0.054127 0.072202
6 0.574763 0.282942 0.050744 0.080325
6 0.598106 0.440433 0.054127 0.072202
6 0.615020 0.605596 0.055480 0.077617
6 0.630920 0.782040 0.050744 0.080325
7 0.650203 0.109657 0.052774 0.074910
7 0.651218 0.286101 0.057510 0.079422
7 0.691137 0.450361 0.080514 0.092058
7 0.707037 0.606949 0.066306 0.091155
7 0.732747 0.790614 0.079838 0.093863
8 0.725981 0.113267 0.054127 0.074910
8 0.724290 0.288357 0.049391 0.096570
8 0.771313 0.444946 0.046008 0.088448
8 0.787889 0.605596 0.064276 0.093863
8 0.825440 0.784747 0.048714 0.089350
9 0.796685 0.124549 0.050744 0.086643
9 0.797361 0.292870 0.060217 0.082130
9 0.836265 0.454422 0.052774 0.092960
9 0.865697 0.625903 0.054804 0.116426
9 0.906292 0.805957 0.052097 0.117329
