0 0.120412 0.211144 0.073165 0.079696
0 0.098586 0.326224 0.073165 0.079696
0 0.066592 0.587136 0.073165 0.079696
0 0.076017 0.463459 0.073165 0.079696
0 0.060888 0.742229 0.073165 0.079696
1 0.210565 0.205853 0.062004 0.084325
1 0.183036 0.331515 0.062004 0.084325
1 0.171379 0.457176 0.062004 0.084325
1 0.166171 0.590112 0.062004 0.084325
1 0.159970 0.736938 0.062004 0.084325
2 0.295759 0.199074 0.067708 0.070767
2 0.274926 0.323082 0.067708 0.070767
2 0.266493 0.447421 0.067708 0.070767
2 0.260541 0.577381 0.067708 0.070767
2 0.257812 0.728505 0.067708 0.070767
3 0.397321 0.195437 0.078869 0.081349
3 0.361855 0.722553 0.078869 0.081349
3 0.372768 0.563823 0.078869 0.081349
3 0.378968 0.446098 0.078869 0.081349
3 0.380704 0.329696 0.078869 0.081349
4 0.486855 0.199901 0.073413 0.092923
4 0.482639 0.327877 0.073413 0.092923
4 0.473462 0.449570 0.073413 0.092923
4 0.468998 0.572917 0.073413 0.092923
4 0.458333 0.721065 0.073413 0.092923
5 0.568080 0.199074 0.064236 0.094577
5 0.563120 0.568122 0.064236 0.094577
5 0.566096 0.451720 0.064236 0.094577
5 0.568328 0.334325 0.064236 0.094577
5 0.559896 0.713955 0.064236 0.094577
6 0.644717 0.211144 0.064236 0.085648
6 0.649182 0.714451 0.064236 0.085648
6 0.648189 0.577877 0.064236 0.085648
6 0.646949 0.454861 0.064236 0.085648
6 0.648686 0.340112 0.064236 0.085648
7 0.724702 0.217923 0.066468 0.087302
7 0.736607 0.579365 0.066468 0.087302
7 0.730407 0.457011 0.066468 0.087302
7 0.727183 0.345899 0.066468 0.087302
7 0.743056 0.709656 0.066468 0.087302
8 0.800843 0.217923 0.062996 0.083995
8 0.800347 0.217262 0.062996 0.083995
8 0.806548 0.344246 0.062996 0.083995
8 0.813244 0.457011 0.062996 0.083995
8 0.825397 0.579696 0.062996 0.083995
8 0.834821 0.714286 0.062996 0.083995
9 0.873016 0.229993 0.054067 0.081019
9 0.879216 0.340443 0.054067 0.081019
9 0.884425 0.458499 0.054067 0.081019
9 0.899802 0.581515 0.054067 0.081019
9 0.908110 0.713459 0.058284 0.100198
