0 0.047991 0.249504 0.075149 0.089616
0 0.048239 0.378803 0.075149 0.089616
0 0.048487 0.510417 0.075149 0.089616
0 0.059152 0.670800 0.075149 0.089616
0 0.059400 0.847057 0.075149 0.089616
1 0.166295 0.248843 0.075149 0.089616
1 0.166543 0.373843 0.075149 0.089616
1 0.169271 0.506779 0.075149 0.089616
1 0.179936 0.673446 0.075149 0.089616
1 0.176959 0.837136 0.075149 0.089616
2 0.275670 0.242229 0.075149 0.089616
2 0.280878 0.365245 0.075149 0.089616
2 0.281126 0.497851 0.075149 0.089616
2 0.289559 0.661541 0.075149 0.089616
2 0.292287 0.829530 0.075149 0.089616
3 0.378100 0.234954 0.075149 0.089616
3 0.379092 0.362269 0.075149 0.089616
3 0.381820 0.492560 0.075149 0.089616
3 0.383061 0.647652 0.075149 0.089616
3 0.381820 0.825231 0.075149 0.089616
4 0.479043 0.230324 0.075149 0.089616
4 0.481771 0.356647 0.075149 0.089616
4 0.486979 0.486276 0.075149 0.089616
4 0.487227 0.640046 0.075149 0.089616
4 0.478795 0.819610 0.075149 0.089616
5 0.580729 0.223710 0.075149 0.089616
5 0.584201 0.356316 0.075149 0.089616
5 0.591642 0.482639 0.075149 0.089616
5 0.583209 0.640708 0.075149 0.089616
5 0.578745 0.809689 0.075149 0.089616
6 0.674975 0.223380 0.075149 0.089616
6 0.672743 0.347718 0.075149 0.089616
6 0.681176 0.476356 0.075149 0.089616
6 0.670263 0.632440 0.075149 0.089616
6 0.669023 0.811012 0.075149 0.089616
7 0.770213 0.226687 0.075149 0.089616
7 0.768725 0.341435 0.075149 0.089616
7 0.771205 0.477348 0.075149 0.089616
7 0.762773 0.620866 0.075149 0.089616
7 0.759053 0.806713 0.075149 0.089616
8 0.856275 0.219411 0.075149 0.089616
8 0.859747 0.341435 0.075149 0.089616
8 0.869668 0.476356 0.075149 0.089616
8 0.857267 0.613261 0.075149 0.089616
8 0.844618 0.799107 0.075149 0.089616
9 0.945188 0.225529 0.071429 0.103836
9 0.949653 0.337963 0.071429 0.103836
9 0.952505 0.481647 0.065228 0.114749
9 0.940600 0.623843 0.065228 0.114749
9 0.928075 0.793981 0.061508 0.111772
