0 0.128125 0.259086 0.068750 0.025791
0 0.116406 0.352286 0.064062 0.024619
0 0.115625 0.441383 0.065625 0.024619
0 0.121875 0.528136 0.075000 0.026964
0 0.121875 0.617233 0.068750 0.024619
1 0.215625 0.262603 0.078125 0.037515
1 0.203125 0.352286 0.065625 0.029308
1 0.201563 0.447245 0.065625 0.031653
1 0.202344 0.521688 0.057813 0.035170
1 0.204687 0.618406 0.059375 0.029308
2 0.296094 0.256155 0.073438 0.043376
2 0.290625 0.352872 0.065625 0.039859
2 0.292969 0.446659 0.067187 0.042204
2 0.288281 0.529894 0.060937 0.037515
2 0.285156 0.618992 0.057813 0.035170
3 0.377344 0.258499 0.070312 0.045721
3 0.375781 0.349941 0.067187 0.041032
3 0.376563 0.447245 0.068750 0.041032
3 0.377344 0.531067 0.060937 0.035170
3 0.371094 0.620750 0.070312 0.041032
4 0.456250 0.256155 0.065625 0.045721
4 0.453906 0.347597 0.057813 0.043376
4 0.453906 0.447831 0.064062 0.044549
4 0.449219 0.532825 0.057813 0.043376
4 0.447656 0.622509 0.060937 0.044549
5 0.535156 0.257327 0.070312 0.048066
5 0.528906 0.344666 0.064062 0.049238
5 0.534375 0.444900 0.065625 0.052755
5 0.526563 0.528722 0.071875 0.051583
5 0.525781 0.616647 0.070312 0.049238
6 0.613281 0.256741 0.048438 0.039859
6 0.609375 0.344666 0.050000 0.039859
6 0.618750 0.448417 0.053125 0.045721
6 0.610938 0.531653 0.068750 0.045721
6 0.609375 0.618992 0.056250 0.039859
7 0.693750 0.257327 0.053125 0.038687
7 0.693750 0.343494 0.062500 0.039859
7 0.694531 0.446659 0.057813 0.037515
7 0.693750 0.528722 0.059375 0.039859
7 0.691406 0.615475 0.051562 0.035170
8 0.770312 0.259086 0.056250 0.046893
8 0.772656 0.338218 0.051562 0.052755
8 0.780469 0.447831 0.054688 0.051583
8 0.778906 0.529308 0.057813 0.052755
8 0.770312 0.617819 0.053125 0.056272
9 0.850000 0.252638 0.050000 0.048066
9 0.846875 0.337046 0.043750 0.050410
9 0.861719 0.449590 0.057813 0.045721
9 0.860938 0.529308 0.050000 0.052755
9 0.860938 0.623095 0.056250 0.062134
