0 0.055771 0.206946 0.086754 0.141823
0 0.064679 0.395080 0.073586 0.101302
0 0.070488 0.578871 0.069713 0.118669
0 0.079783 0.762663 0.074361 0.104197
0 0.087916 0.931259 0.070488 0.114327
1 0.173122 0.201158 0.070488 0.130246
1 0.175833 0.396527 0.075910 0.136035
1 0.177769 0.574530 0.070488 0.127352
1 0.191712 0.759045 0.079783 0.114327
1 0.197909 0.939942 0.067390 0.105644
2 0.274593 0.203329 0.062742 0.149059
2 0.277304 0.390738 0.068164 0.118669
2 0.283114 0.562229 0.070488 0.114327
2 0.292409 0.769899 0.076685 0.141823
2 0.293184 0.925470 0.072037 0.128799
3 0.374129 0.176556 0.074361 0.150507
3 0.373741 0.376266 0.070488 0.127352
3 0.379551 0.533285 0.074361 0.114327
3 0.391944 0.735890 0.066615 0.111433
3 0.400852 0.912446 0.073586 0.137482
4 0.471727 0.187410 0.086754 0.149059
4 0.469404 0.374819 0.088304 0.147612
4 0.478311 0.535456 0.078234 0.136035
4 0.486445 0.717800 0.077459 0.124457
4 0.486832 0.900868 0.076685 0.134588
5 0.562742 0.172214 0.067390 0.156295
5 0.567390 0.358177 0.072037 0.137482
5 0.573586 0.523878 0.070488 0.133140
5 0.588304 0.712735 0.076685 0.134588
5 0.582494 0.891462 0.074361 0.144718
6 0.648722 0.176556 0.065840 0.150507
6 0.658792 0.348046 0.076685 0.125904
6 0.657630 0.516643 0.069713 0.136035
6 0.668861 0.704776 0.059644 0.112880
6 0.673509 0.877713 0.068939 0.117221
7 0.744771 0.172214 0.078234 0.147612
7 0.749419 0.342981 0.064291 0.109986
7 0.752130 0.500000 0.075910 0.134588
7 0.761038 0.696816 0.070488 0.125904
7 0.766460 0.869030 0.075136 0.131693
8 0.838497 0.157019 0.070488 0.140376
8 0.840821 0.328509 0.081332 0.141823
8 0.841596 0.506512 0.068939 0.156295
8 0.856313 0.675109 0.081332 0.117221
8 0.852440 0.850217 0.062742 0.128799
9 0.920604 0.159190 0.058095 0.115774
9 0.923703 0.332851 0.062742 0.115774
9 0.928350 0.485528 0.059644 0.114327
9 0.935709 0.672214 0.051123 0.114327
9 0.929512 0.846599 0.058869 0.136035
