0 0.111798 0.313694 0.075167 0.056263
0 0.103235 0.451168 0.077069 0.055202
0 0.093245 0.615180 0.074215 0.047771
0 0.086108 0.776008 0.071361 0.040340
0 0.087536 0.926752 0.062797 0.038217
1 0.199334 0.317410 0.075167 0.061571
1 0.185062 0.463376 0.071361 0.047771
1 0.179829 0.625265 0.072312 0.048832
1 0.165081 0.787686 0.067555 0.050955
1 0.166984 0.921975 0.073264 0.041401
2 0.287345 0.316879 0.070409 0.079618
2 0.283064 0.458599 0.084681 0.070064
2 0.275452 0.614650 0.077069 0.078556
2 0.267364 0.775478 0.089439 0.079618
2 0.273073 0.920382 0.079924 0.070064
3 0.382017 0.310510 0.090390 0.081741
3 0.372978 0.467091 0.076118 0.072187
3 0.364891 0.619427 0.078972 0.081741
3 0.363939 0.781316 0.078972 0.082803
3 0.362512 0.917728 0.078021 0.079618
4 0.475262 0.317410 0.065652 0.078556
4 0.458135 0.460722 0.080875 0.097665
4 0.454329 0.619958 0.075167 0.080679
4 0.449572 0.783439 0.078972 0.078556
4 0.444814 0.913482 0.065652 0.075372
5 0.574691 0.316879 0.091342 0.096603
5 0.557564 0.462845 0.074215 0.093418
5 0.556613 0.625796 0.074215 0.090234
5 0.552331 0.783439 0.075167 0.080679
5 0.542341 0.914013 0.072312 0.087049
6 0.674120 0.312102 0.082778 0.080679
6 0.652236 0.467622 0.075167 0.075372
6 0.645100 0.630042 0.076118 0.079618
6 0.647954 0.786624 0.074215 0.084926
6 0.640343 0.924628 0.083730 0.084926
7 0.774976 0.310510 0.094196 0.083864
7 0.750238 0.478238 0.094196 0.079618
7 0.733587 0.628981 0.079924 0.066879
7 0.730257 0.791932 0.075167 0.070064
7 0.728830 0.932059 0.062797 0.070064
8 0.871075 0.303079 0.078972 0.085987
8 0.851094 0.471868 0.071361 0.077495
8 0.843958 0.630573 0.079924 0.089172
8 0.827307 0.789278 0.090390 0.098726
8 0.833492 0.924628 0.079924 0.089172
9 0.956232 0.306263 0.068506 0.092357
9 0.949096 0.472399 0.078972 0.080679
9 0.945290 0.635350 0.078972 0.079618
9 0.947669 0.803609 0.078021 0.078556
9 0.945290 0.938429 0.094196 0.097665
