0 0.081862 0.459716 0.064848 0.106372
0 0.082504 0.095840 0.074478 0.068457
0 0.091493 0.281201 0.075120 0.123223
0 0.069823 0.677988 0.077368 0.126909
0 0.071910 0.898894 0.058427 0.095840
1 0.175923 0.083202 0.066774 0.109531
1 0.183628 0.275408 0.060353 0.098999
1 0.184751 0.459452 0.053612 0.087941
1 0.183788 0.681148 0.060032 0.098473
2 0.270305 0.077409 0.071910 0.117957
2 0.270787 0.267246 0.067737 0.111111
1 0.181380 0.896788 0.059069 0.096893
2 0.279775 0.462612 0.064526 0.105845
2 0.276726 0.664560 0.064205 0.105319
2 0.282825 0.898368 0.064205 0.105319
3 0.353451 0.081622 0.063563 0.104265
3 0.357464 0.260400 0.069021 0.113217
3 0.377368 0.454186 0.072873 0.119537
3 0.385875 0.648236 0.060353 0.098999
3 0.392777 0.884939 0.072873 0.119537
4 0.443820 0.073460 0.077368 0.126909
4 0.452327 0.245919 0.071268 0.116904
4 0.474639 0.431543 0.064526 0.105845
4 0.477849 0.623223 0.060674 0.099526
4 0.496308 0.869932 0.057143 0.093734
5 0.538844 0.075039 0.067737 0.111111
5 0.534189 0.239600 0.064848 0.106372
5 0.546870 0.429963 0.064526 0.105845
5 0.550883 0.615061 0.066132 0.108478
5 0.581220 0.875987 0.067095 0.110058
6 0.620225 0.068984 0.062921 0.103212
6 0.627287 0.222222 0.059069 0.096893
6 0.632905 0.416272 0.070305 0.115324
6 0.646870 0.604002 0.059711 0.097946
6 0.684751 0.860979 0.064205 0.105319
7 0.715088 0.070300 0.058106 0.095313
7 0.722632 0.212217 0.067416 0.110585
7 0.729695 0.428647 0.057143 0.093734
7 0.744141 0.611901 0.057143 0.093734
7 0.776886 0.853081 0.057785 0.094787
8 0.813644 0.069774 0.067737 0.111111
8 0.807063 0.218536 0.066774 0.109531
8 0.815570 0.435756 0.074799 0.122696
8 0.825682 0.604002 0.064848 0.106372
8 0.864687 0.854397 0.070305 0.115324
9 0.916051 0.074513 0.074799 0.122696
9 0.914446 0.219326 0.067737 0.111111
9 0.912360 0.420221 0.071910 0.117957
9 0.923596 0.608215 0.078973 0.129542
9 0.949599 0.842549 0.080257 0.131648
