0 0.082130 0.082600 0.083032 0.063643
0 0.080325 0.189912 0.077617 0.061611
0 0.078069 0.309749 0.080325 0.054841
0 0.072653 0.403521 0.111011 0.052810
0 0.073556 0.512525 0.083935 0.067705
1 0.172383 0.084631 0.072202 0.059580
1 0.177347 0.190589 0.087545 0.068382
1 0.169224 0.308395 0.074910 0.056195
1 0.180505 0.401151 0.083032 0.052133
1 0.166065 0.512525 0.074007 0.067705
2 0.265343 0.085647 0.081227 0.057549
2 0.273014 0.188896 0.073105 0.060934
2 0.259928 0.307380 0.083032 0.058226
2 0.264440 0.400474 0.074007 0.053487
2 0.251805 0.510494 0.072202 0.063643
3 0.347924 0.089032 0.060469 0.050779
3 0.347473 0.185173 0.061372 0.041300
3 0.342960 0.301963 0.061372 0.039269
3 0.342960 0.396750 0.063177 0.043331
3 0.342058 0.507109 0.072202 0.043331
4 0.429152 0.087339 0.074910 0.050102
4 0.430957 0.187881 0.067690 0.050779
4 0.431859 0.298578 0.060469 0.046039
4 0.433213 0.390995 0.063177 0.054841
4 0.439531 0.505416 0.048736 0.046716
5 0.511733 0.083615 0.064982 0.046716
5 0.523466 0.183142 0.066787 0.056195
5 0.509025 0.296209 0.059567 0.045362
5 0.509477 0.386256 0.058664 0.049425
5 0.510379 0.502031 0.062274 0.048070
6 0.595217 0.084292 0.076715 0.045362
6 0.601986 0.183142 0.063177 0.041300
6 0.583484 0.296547 0.064079 0.039269
6 0.579874 0.386256 0.056859 0.048070
6 0.584386 0.503385 0.058664 0.038592
7 0.690433 0.092079 0.061372 0.051456
7 0.688628 0.187881 0.055957 0.045362
7 0.671480 0.297224 0.054152 0.051456
7 0.675542 0.391672 0.071300 0.048070
7 0.669224 0.505078 0.060469 0.047393
8 0.768953 0.095125 0.059567 0.045362
8 0.766697 0.191943 0.055054 0.050779
8 0.760379 0.294177 0.065884 0.049425
8 0.760830 0.385240 0.072202 0.047393
8 0.741877 0.500339 0.059567 0.040623
9 0.846119 0.099865 0.062274 0.041300
9 0.854242 0.190251 0.058664 0.040623
9 0.851986 0.298240 0.064982 0.042654
9 0.860560 0.385240 0.056859 0.043331
9 0.856047 0.503724 0.073105 0.050102
