0 0.136870 0.189062 0.049824 0.082292
0 0.135404 0.325521 0.042204 0.069792
0 0.135111 0.463021 0.048652 0.082292
0 0.136870 0.615625 0.047479 0.087500
0 0.136284 0.769792 0.040445 0.087500
1 0.208675 0.190104 0.043376 0.092708
1 0.208089 0.320833 0.062134 0.079167
1 0.205158 0.452604 0.053927 0.080208
1 0.199297 0.607812 0.049238 0.067708
1 0.200176 0.761979 0.053341 0.082292
2 0.274619 0.195833 0.047479 0.085417
2 0.275498 0.319271 0.044549 0.069792
2 0.270223 0.451562 0.043376 0.067708
2 0.268757 0.608854 0.046307 0.084375
2 0.273154 0.760938 0.042204 0.084375
3 0.342614 0.194271 0.053341 0.069792
3 0.342614 0.324479 0.048652 0.067708
3 0.347011 0.448958 0.046893 0.072917
3 0.347890 0.604167 0.048652 0.070833
3 0.352872 0.755208 0.043376 0.077083
4 0.405041 0.196875 0.043376 0.075000
4 0.408851 0.326042 0.046307 0.070833
4 0.410903 0.447917 0.044549 0.079167
4 0.407386 0.602083 0.043376 0.075000
4 0.410903 0.749479 0.039859 0.069792
5 0.466589 0.194271 0.043376 0.065625
5 0.473036 0.317188 0.044549 0.069792
5 0.477140 0.440625 0.044549 0.072917
5 0.473916 0.596875 0.040445 0.077083
5 0.478898 0.740625 0.043376 0.079167
6 0.522860 0.193229 0.039859 0.071875
6 0.527843 0.324479 0.036928 0.067708
6 0.533118 0.440625 0.039273 0.072917
6 0.531360 0.600521 0.038101 0.063542
6 0.534584 0.742188 0.039859 0.069792
7 0.586753 0.192188 0.046893 0.061458
7 0.583529 0.326562 0.035756 0.063542
7 0.587339 0.439063 0.038687 0.069792
7 0.592321 0.596875 0.040445 0.081250
7 0.591149 0.738021 0.038101 0.065625
8 0.651817 0.200521 0.046893 0.086458
8 0.652403 0.323437 0.043376 0.073958
8 0.652696 0.439063 0.052169 0.073958
8 0.655920 0.592708 0.045721 0.079167
8 0.650938 0.734375 0.050996 0.081250
9 0.718640 0.192188 0.041032 0.073958
9 0.726260 0.317188 0.043376 0.092708
9 0.726260 0.441667 0.050410 0.070833
9 0.728019 0.592187 0.046893 0.082292
9 0.733880 0.734375 0.051583 0.081250
