0 0.243676 0.436343 0.041915 0.045966
0 0.241567 0.530093 0.047619 0.054894
0 0.250124 0.632606 0.038442 0.052249
0 0.251984 0.728175 0.040675 0.052249
0 0.260169 0.824405 0.039187 0.061508
1 0.292163 0.431713 0.038690 0.045966
1 0.298487 0.524636 0.039931 0.051257
1 0.304563 0.635417 0.038690 0.057870
1 0.308036 0.733962 0.035714 0.055225
1 0.307292 0.824901 0.031746 0.053241
2 0.343874 0.428075 0.041419 0.045966
2 0.344866 0.521495 0.039435 0.054233
2 0.350446 0.636243 0.035218 0.052249
2 0.354539 0.731316 0.031002 0.043981
2 0.353547 0.830522 0.038442 0.053241
3 0.393105 0.423115 0.036706 0.045304
3 0.394841 0.520007 0.042659 0.057209
3 0.400670 0.633929 0.043403 0.054894
3 0.400794 0.725860 0.040675 0.049603
3 0.403398 0.831019 0.041915 0.054233
4 0.441964 0.420304 0.039187 0.059524
4 0.443700 0.516369 0.035714 0.055225
4 0.450645 0.630291 0.037202 0.054894
4 0.451389 0.728505 0.042659 0.066138
4 0.455233 0.832341 0.043403 0.068122
5 0.488467 0.419974 0.041419 0.064153
5 0.487227 0.515046 0.029018 0.048611
5 0.490947 0.627480 0.029514 0.047950
5 0.494668 0.717427 0.032986 0.055225
5 0.498512 0.832837 0.029762 0.050595
6 0.531002 0.420800 0.033730 0.047950
6 0.527158 0.513724 0.034474 0.045966
6 0.533234 0.624835 0.031746 0.043981
6 0.535714 0.716104 0.036706 0.043320
6 0.541295 0.831349 0.031002 0.056878
7 0.567832 0.420800 0.032986 0.051257
7 0.568080 0.518188 0.036458 0.044312
7 0.572917 0.624339 0.032242 0.046958
7 0.581597 0.720403 0.037202 0.045966
7 0.583209 0.832837 0.036458 0.048611
8 0.608011 0.422123 0.037946 0.050595
8 0.608383 0.513062 0.038690 0.048611
8 0.615575 0.626984 0.040675 0.054233
8 0.628720 0.718585 0.039187 0.049603
8 0.633557 0.832837 0.041915 0.050595
9 0.647693 0.419808 0.034474 0.045966
9 0.655630 0.512731 0.031002 0.045966
9 0.666667 0.633929 0.039187 0.053571
9 0.672371 0.730489 0.037202 0.056878
9 0.678943 0.836971 0.037946 0.058862
