0 0.049929 0.116185 0.071327 0.114451
0 0.055635 0.314451 0.084165 0.101734
0 0.053495 0.517919 0.068474 0.097110
0 0.056705 0.721387 0.086305 0.108671
0 0.049929 0.910405 0.067047 0.091329
1 0.147646 0.104624 0.074180 0.100578
1 0.155492 0.313295 0.084165 0.115607
1 0.146220 0.525434 0.075606 0.105202
1 0.165478 0.716763 0.097004 0.108671
1 0.149429 0.912717 0.073466 0.098266
2 0.256776 0.098266 0.084165 0.101734
2 0.257489 0.300578 0.075606 0.104046
2 0.246790 0.528324 0.069900 0.106358
2 0.263195 0.715029 0.087019 0.112139
2 0.256776 0.908092 0.067047 0.089017
3 0.363766 0.098266 0.069900 0.101734
3 0.360200 0.295954 0.085592 0.092486
3 0.352354 0.519075 0.068474 0.099422
3 0.358417 0.710405 0.090585 0.105202
3 0.353424 0.911561 0.084879 0.107514
4 0.476462 0.100578 0.091298 0.122543
4 0.472183 0.294220 0.101284 0.112139
4 0.457204 0.517341 0.071327 0.105202
4 0.462197 0.708671 0.094151 0.108671
4 0.456847 0.909827 0.086305 0.104046
5 0.576676 0.086705 0.070613 0.122543
5 0.578103 0.283815 0.082026 0.116763
5 0.554565 0.516763 0.064907 0.117919
5 0.565264 0.704046 0.079173 0.127168
5 0.558845 0.901156 0.073466 0.105202
6 0.662981 0.095954 0.073466 0.117919
6 0.673324 0.272832 0.077033 0.101734
6 0.650143 0.506936 0.067760 0.112139
6 0.662625 0.689017 0.078459 0.113295
6 0.652282 0.904046 0.066334 0.104046
7 0.747860 0.105202 0.077746 0.101734
7 0.759272 0.276301 0.082026 0.092486
7 0.741797 0.517919 0.075606 0.097110
7 0.757133 0.691908 0.087732 0.095954
7 0.746077 0.895376 0.072753 0.100578
8 0.842725 0.101734 0.069187 0.122543
8 0.848431 0.265896 0.076320 0.115607
8 0.844508 0.508092 0.074180 0.130636
8 0.852354 0.684971 0.082739 0.126012
8 0.843795 0.886705 0.077033 0.127168
9 0.931170 0.113873 0.070613 0.126012
9 0.936876 0.266474 0.073466 0.112139
9 0.932240 0.512717 0.069900 0.105202
9 0.944722 0.678613 0.079173 0.134104
9 0.936163 0.895954 0.073466 0.124855
