0 0.063116 0.115135 0.071006 0.085422
0 0.064431 0.298979 0.084155 0.085422
0 0.071335 0.503714 0.087442 0.095636
0 0.068705 0.712628 0.082183 0.080780
0 0.076266 0.907149 0.084155 0.077994
1 0.150559 0.114206 0.064431 0.098422
1 0.155490 0.298514 0.067719 0.090065
1 0.163051 0.497214 0.065746 0.088208
1 0.168310 0.700093 0.072321 0.092851
1 0.173241 0.885330 0.075608 0.088208
2 0.244905 0.112813 0.080868 0.104921
2 0.254109 0.302228 0.075608 0.106778
2 0.268573 0.500929 0.080868 0.114206
2 0.264300 0.703807 0.078895 0.109564
2 0.266930 0.886722 0.077581 0.103993
3 0.339250 0.114206 0.071006 0.102136
3 0.352728 0.296193 0.074293 0.109564
3 0.360618 0.499536 0.079553 0.092851
3 0.364892 0.697307 0.084155 0.111421
3 0.363905 0.881151 0.075608 0.102136
4 0.432939 0.113278 0.079553 0.118849
4 0.440500 0.285515 0.077581 0.103064
4 0.447074 0.487001 0.071006 0.095636
4 0.441157 0.686630 0.059172 0.090065
4 0.454306 0.867688 0.077581 0.099350
5 0.517423 0.114206 0.072321 0.107707
5 0.529915 0.292943 0.077581 0.106778
5 0.542406 0.484215 0.078895 0.104921
5 0.538462 0.681987 0.077581 0.114206
5 0.547666 0.862581 0.072321 0.109564
6 0.597304 0.109564 0.070348 0.092851
6 0.609139 0.297586 0.067719 0.097493
6 0.618672 0.489322 0.065746 0.090994
6 0.620973 0.678737 0.070348 0.092851
6 0.636095 0.868617 0.080868 0.097493
7 0.675542 0.098886 0.069034 0.104921
7 0.690993 0.283194 0.072321 0.102136
7 0.704471 0.468895 0.075608 0.107707
7 0.713675 0.677344 0.067719 0.104921
7 0.726496 0.851439 0.072321 0.109564
8 0.746548 0.096100 0.069034 0.095636
8 0.763642 0.277159 0.062459 0.095636
8 0.785996 0.467967 0.067719 0.109564
8 0.788626 0.662953 0.072978 0.103993
8 0.807364 0.841690 0.065746 0.104921
9 0.809007 0.092386 0.045365 0.088208
9 0.837607 0.263231 0.059172 0.095636
9 0.851085 0.454503 0.051940 0.078923
9 0.861275 0.660631 0.059172 0.090065
9 0.876397 0.835190 0.059172 0.097493
