0 0.117730 0.278501 0.071398 0.058738
1 0.210612 0.276331 0.077040 0.074074
2 0.303819 0.267795 0.077257 0.069734
3 0.391385 0.254919 0.067491 0.078125
4 0.474284 0.246383 0.072266 0.084780
5 0.558919 0.241464 0.073134 0.074942
6 0.635308 0.232494 0.068359 0.076100
7 0.711372 0.230758 0.070747 0.070891
8 0.784071 0.221644 0.062066 0.063079
9 0.855577 0.212095 0.068359 0.084491
0 0.116645 0.417245 0.078776 0.061921
1 0.212131 0.419416 0.072266 0.055845
2 0.302626 0.415220 0.081380 0.079282
3 0.392578 0.410301 0.071615 0.074074
4 0.481771 0.409288 0.076389 0.076100
5 0.570204 0.410735 0.077908 0.083623
6 0.655924 0.404369 0.067491 0.081308
7 0.731445 0.396846 0.072266 0.083623
8 0.811849 0.393663 0.065972 0.085938
9 0.882161 0.387876 0.055556 0.091146
0 0.111762 0.559172 0.065972 0.054688
1 0.209418 0.545284 0.079427 0.076100
2 0.304253 0.543258 0.074653 0.069734
3 0.390191 0.539931 0.069878 0.074074
4 0.476237 0.534578 0.079644 0.073785
5 0.567491 0.533565 0.085069 0.086806
6 0.654731 0.533565 0.065104 0.078125
7 0.738607 0.524450 0.083550 0.083623
8 0.823459 0.517506 0.068359 0.078414
9 0.890191 0.512587 0.050781 0.068576
0 0.112088 0.683015 0.073134 0.055845
1 0.209744 0.669705 0.085286 0.073785
2 0.306207 0.668547 0.077257 0.078414
3 0.393446 0.655671 0.066840 0.067708
4 0.477865 0.635995 0.078125 0.072917
5 0.575521 0.646123 0.086806 0.089120
6 0.661567 0.636429 0.072266 0.073785
7 0.754774 0.633247 0.086806 0.078414
8 0.832357 0.626302 0.063585 0.077257
9 0.900282 0.621528 0.056207 0.080440
0 0.112522 0.792824 0.075738 0.059028
1 0.213433 0.791811 0.079644 0.065104
2 0.303819 0.784867 0.070747 0.070891
3 0.389865 0.769821 0.080512 0.064525
4 0.487847 0.775752 0.085069 0.084491
5 0.586697 0.770399 0.085286 0.078414
6 0.673069 0.761285 0.073134 0.079282
7 0.758681 0.758681 0.070747 0.080440
8 0.835503 0.745226 0.060330 0.074942
9 0.905382 0.742622 0.065104 0.097512
