0 0.094141 0.283333 0.047656 0.061111
0 0.094141 0.403472 0.049219 0.070833
0 0.097656 0.518056 0.050000 0.080556
0 0.098828 0.631944 0.052344 0.069444
0 0.104297 0.738889 0.053906 0.083333
1 0.166016 0.279861 0.050781 0.073611
1 0.167187 0.402083 0.053125 0.076389
1 0.167187 0.525694 0.051562 0.068056
1 0.170703 0.627083 0.049219 0.076389
1 0.175781 0.733333 0.046875 0.072222
2 0.231641 0.282639 0.052344 0.081944
2 0.236719 0.395833 0.050000 0.075000
2 0.241406 0.507639 0.051562 0.076389
2 0.241406 0.620139 0.048438 0.070833
2 0.241797 0.729861 0.050781 0.076389
3 0.308203 0.288194 0.047656 0.079167
3 0.310547 0.395139 0.052344 0.081944
3 0.311719 0.504861 0.051562 0.076389
3 0.315625 0.615972 0.051562 0.081944
3 0.320312 0.724306 0.054688 0.081944
4 0.377344 0.288194 0.050000 0.079167
4 0.379688 0.392361 0.051562 0.081944
4 0.381641 0.503472 0.047656 0.073611
4 0.385156 0.613889 0.050000 0.083333
4 0.383594 0.720139 0.056250 0.084722
5 0.437891 0.283333 0.044531 0.075000
5 0.442188 0.386806 0.048438 0.079167
5 0.441016 0.497222 0.053906 0.086111
5 0.442969 0.611111 0.053125 0.077778
5 0.443750 0.721528 0.050000 0.076389
6 0.486719 0.285417 0.050000 0.081944
6 0.490234 0.385417 0.047656 0.076389
6 0.492578 0.497222 0.046094 0.077778
6 0.494922 0.610417 0.050781 0.073611
6 0.494922 0.720833 0.049219 0.080556
7 0.541016 0.283333 0.049219 0.086111
7 0.542969 0.387500 0.050000 0.080556
7 0.548828 0.498611 0.047656 0.083333
7 0.550000 0.618056 0.051562 0.083333
7 0.550391 0.723611 0.049219 0.077778
8 0.596875 0.288889 0.050000 0.080556
8 0.596875 0.382639 0.045312 0.084722
8 0.599219 0.497917 0.050000 0.076389
8 0.602734 0.607639 0.050781 0.081944
8 0.602344 0.718056 0.045312 0.077778
9 0.650781 0.289583 0.045312 0.084722
9 0.650781 0.382639 0.053125 0.090278
9 0.650000 0.499306 0.045312 0.081944
9 0.649219 0.608333 0.046875 0.086111
9 0.651563 0.718056 0.050000 0.080556
