0 0.100651 0.110421 0.086936 0.100759
0 0.092748 0.314700 0.079498 0.106280
0 0.085309 0.508282 0.079498 0.086266
0 0.092748 0.711525 0.083217 0.106280
0 0.084147 0.908213 0.089261 0.092478
1 0.198280 0.115942 0.081358 0.135266
1 0.189912 0.320221 0.079498 0.117322
1 0.186890 0.514148 0.089261 0.103520
1 0.179916 0.706694 0.067875 0.103520
1 0.182008 0.902346 0.086936 0.086266
2 0.275918 0.117322 0.061832 0.138026
2 0.276848 0.317115 0.075779 0.123533
2 0.274988 0.515873 0.075779 0.112491
2 0.283821 0.718427 0.085077 0.114562
2 0.281729 0.870600 0.077173 0.120773
3 0.365179 0.131815 0.077638 0.138026
3 0.367039 0.306073 0.081358 0.123533
3 0.374942 0.500000 0.081358 0.109731
3 0.376569 0.689786 0.073454 0.120773
3 0.371920 0.869220 0.075314 0.118012
4 0.461878 0.134921 0.077638 0.155280
4 0.456997 0.310214 0.075314 0.109731
4 0.461878 0.494134 0.061832 0.126984
4 0.463040 0.685300 0.067875 0.111801
4 0.467922 0.865079 0.081358 0.115252
5 0.543236 0.131815 0.077638 0.167012
5 0.547187 0.304348 0.073454 0.132505
5 0.548117 0.466874 0.094840 0.118012
5 0.548117 0.672533 0.075314 0.131815
5 0.558810 0.837819 0.077173 0.135266
6 0.633194 0.132160 0.067875 0.155280
6 0.632264 0.311594 0.073454 0.123533
6 0.642259 0.475500 0.081358 0.140787
6 0.640167 0.676674 0.077173 0.129055
6 0.645049 0.841960 0.075779 0.132505
7 0.715714 0.139061 0.081358 0.134576
7 0.717573 0.316080 0.077638 0.143547
7 0.725477 0.485507 0.081358 0.144237
7 0.725477 0.668392 0.081358 0.123533
7 0.733147 0.853692 0.092980 0.132505
8 0.804742 0.144928 0.077173 0.169772
8 0.809623 0.317460 0.072060 0.129745
8 0.811483 0.468254 0.083217 0.149758
8 0.807764 0.656660 0.079498 0.129055
8 0.821246 0.848171 0.083217 0.138026
9 0.906323 0.134921 0.083217 0.160801
9 0.902603 0.316080 0.075779 0.132505
9 0.897722 0.495514 0.073454 0.135266
9 0.900511 0.668047 0.071595 0.129745
9 0.897722 0.849206 0.069735 0.163561
