0 0.122917 0.128395 0.037500 0.069136
0 0.115278 0.244444 0.041667 0.059259
0 0.107639 0.343210 0.040278 0.049383
0 0.101389 0.450617 0.052778 0.051852
0 0.093056 0.564198 0.047222 0.076543
1 0.189583 0.104938 0.048611 0.061728
1 0.186806 0.217284 0.043056 0.064198
1 0.184722 0.322222 0.047222 0.066667
1 0.181250 0.434568 0.051389 0.069136
1 0.170833 0.558025 0.061111 0.083951
2 0.259722 0.096296 0.052778 0.074074
2 0.266667 0.204938 0.066667 0.074074
2 0.270833 0.306173 0.061111 0.079012
2 0.275694 0.416049 0.073611 0.091358
2 0.274306 0.538272 0.079167 0.083951
3 0.339583 0.070370 0.068056 0.096296
3 0.347222 0.181481 0.055556 0.081481
3 0.354861 0.296296 0.068056 0.093827
3 0.363194 0.406173 0.062500 0.101235
3 0.364583 0.520988 0.070833 0.103704
4 0.427083 0.067901 0.054167 0.091358
4 0.437500 0.179012 0.061111 0.091358
4 0.445139 0.279012 0.065278 0.088889
4 0.461111 0.395062 0.075000 0.098765
4 0.455556 0.534568 0.058333 0.111111
5 0.529167 0.062963 0.058333 0.096296
5 0.537500 0.176543 0.058333 0.106173
5 0.547917 0.285185 0.062500 0.101235
5 0.560417 0.401235 0.065278 0.111111
5 0.561806 0.534568 0.062500 0.125926
6 0.622917 0.055556 0.056944 0.081481
6 0.636111 0.170370 0.052778 0.074074
6 0.646528 0.277778 0.045833 0.086420
6 0.668750 0.393827 0.051389 0.101235
6 0.663889 0.523457 0.061111 0.093827
7 0.716667 0.074074 0.052778 0.093827
7 0.729861 0.176543 0.059722 0.091358
7 0.745139 0.283951 0.054167 0.098765
7 0.763889 0.393827 0.063889 0.120988
7 0.759028 0.523457 0.059722 0.118519
8 0.792361 0.074074 0.051389 0.074074
8 0.800000 0.170370 0.055556 0.088889
8 0.809722 0.279012 0.050000 0.103704
8 0.829167 0.400000 0.052778 0.108642
8 0.835417 0.517284 0.054167 0.116049
9 0.856944 0.083951 0.041667 0.098765
9 0.865972 0.183951 0.043056 0.081481
9 0.884028 0.285185 0.043056 0.106173
9 0.900694 0.397531 0.051389 0.098765
9 0.909722 0.522222 0.050000 0.150617
