0 0.042907 0.062979 0.056052 0.046023
0 0.026042 0.279774 0.044643 0.045216
0 0.029266 0.517763 0.051091 0.051272
0 0.040675 0.745256 0.057540 0.033105
0 0.054191 0.963060 0.055308 0.039160
1 0.125992 0.050061 0.064980 0.058135
1 0.108135 0.279774 0.063988 0.083165
1 0.118304 0.492128 0.057044 0.078321
1 0.131448 0.737990 0.057044 0.073476
1 0.155878 0.954178 0.067708 0.059346
2 0.219742 0.052281 0.054067 0.069843
2 0.209201 0.270085 0.056300 0.088010
2 0.222594 0.484053 0.064236 0.083165
2 0.223090 0.726887 0.051835 0.081954
2 0.244916 0.939847 0.051835 0.080743
3 0.317460 0.047033 0.055556 0.066613
3 0.307540 0.260194 0.063492 0.086799
3 0.312748 0.474364 0.062004 0.092854
3 0.316840 0.712556 0.062748 0.088817
3 0.327009 0.934396 0.058284 0.086799
4 0.420015 0.040371 0.069196 0.070246
4 0.415675 0.252927 0.066468 0.094065
4 0.416791 0.466694 0.059772 0.108195
4 0.424727 0.704078 0.059772 0.093662
4 0.427331 0.920266 0.060516 0.096488
5 0.522817 0.042188 0.062004 0.071457
5 0.522073 0.244651 0.064980 0.100929
5 0.525794 0.454178 0.069444 0.109003
5 0.536334 0.688131 0.062748 0.104562
5 0.534102 0.906540 0.065724 0.102140
6 0.623884 0.043399 0.056796 0.073880
6 0.623140 0.245660 0.048363 0.079532
6 0.628968 0.452967 0.057044 0.090432
6 0.631448 0.681066 0.064980 0.109003
6 0.629340 0.906540 0.045883 0.099717
7 0.733383 0.052483 0.072917 0.060557
7 0.736483 0.251716 0.073661 0.074687
7 0.739459 0.442471 0.075149 0.085587
7 0.732143 0.684699 0.060516 0.075898
7 0.720486 0.901292 0.062004 0.077109
8 0.823413 0.049859 0.069444 0.081954
8 0.841270 0.241017 0.068452 0.100929
8 0.839410 0.459629 0.069196 0.115059
8 0.833581 0.671579 0.059028 0.099717
8 0.822669 0.886960 0.059028 0.103351
9 0.929812 0.061163 0.060516 0.090028
9 0.941592 0.254138 0.050347 0.105369
9 0.939360 0.458821 0.050347 0.097295
9 0.936012 0.675616 0.051091 0.094065
9 0.921503 0.877069 0.045387 0.094873
