0 0.155420 0.056548 0.088564 0.062831
1 0.252915 0.060351 0.082610 0.077050
2 0.335029 0.057209 0.072191 0.083333
3 0.410692 0.052579 0.067229 0.080026
4 0.481518 0.047123 0.058050 0.084987
5 0.548251 0.040013 0.059042 0.077381
6 0.615108 0.032903 0.060283 0.063161
7 0.681841 0.035218 0.056810 0.061177
8 0.743736 0.035549 0.055569 0.070437
9 0.813570 0.044147 0.069710 0.087632
0 0.145497 0.163525 0.070702 0.056548
0 0.145994 0.275298 0.081617 0.084987
0 0.137187 0.398313 0.070950 0.075728
0 0.137807 0.499835 0.079137 0.064484
1 0.232821 0.155754 0.075664 0.062831
1 0.226495 0.253472 0.064996 0.084987
1 0.219797 0.388062 0.059042 0.080357
1 0.218680 0.495040 0.056810 0.070767
2 0.326222 0.150132 0.080377 0.061508
2 0.312578 0.262070 0.081369 0.089616
2 0.313694 0.386409 0.079137 0.083664
2 0.310221 0.493552 0.076656 0.067791
3 0.404738 0.144015 0.067229 0.064484
3 0.401265 0.258763 0.076656 0.080357
3 0.405358 0.382440 0.073431 0.075728
3 0.403002 0.491898 0.075664 0.073743
4 0.473332 0.145503 0.055569 0.070767
4 0.476805 0.261243 0.058050 0.078704
4 0.486232 0.380126 0.074423 0.083664
4 0.486852 0.487269 0.070702 0.080357
5 0.535351 0.142361 0.059042 0.077050
5 0.537088 0.257937 0.055569 0.078704
5 0.555941 0.373843 0.058050 0.092923
5 0.564252 0.483300 0.060283 0.084987
6 0.595634 0.136905 0.049615 0.078704
6 0.599107 0.257275 0.056562 0.089947
6 0.613247 0.371528 0.052096 0.088294
6 0.626271 0.474537 0.051848 0.074074
7 0.651699 0.134590 0.046142 0.086640
7 0.668196 0.236772 0.069710 0.089947
7 0.678740 0.370701 0.055569 0.077381
7 0.689531 0.469742 0.057802 0.080357
8 0.706648 0.134425 0.054329 0.083664
8 0.739147 0.243882 0.060283 0.088294
8 0.744976 0.365079 0.067477 0.078704
8 0.759737 0.471396 0.061275 0.080357
9 0.775118 0.135251 0.066237 0.097884
9 0.810593 0.240741 0.075664 0.091270
9 0.811089 0.359623 0.057802 0.077050
9 0.822377 0.473876 0.052096 0.094577
