0 0.060640 0.158234 0.072669 0.062500
0 0.055928 0.286045 0.057292 0.071429
0 0.057292 0.458333 0.058036 0.062169
0 0.049107 0.590608 0.061012 0.077381
0 0.046751 0.724868 0.065724 0.068783
1 0.164683 0.148644 0.074405 0.073743
1 0.158358 0.307705 0.058284 0.088955
1 0.143601 0.460317 0.059028 0.071429
1 0.137401 0.604663 0.060020 0.087632
1 0.128348 0.735119 0.070685 0.081349
2 0.269965 0.142196 0.069692 0.083995
2 0.266121 0.296792 0.063988 0.077712
2 0.254216 0.475529 0.059028 0.101852
2 0.252356 0.615410 0.068700 0.081349
2 0.243800 0.757937 0.078373 0.101852
3 0.378348 0.137731 0.068700 0.090278
3 0.377356 0.294808 0.070685 0.091601
3 0.381076 0.475033 0.095486 0.090278
3 0.377852 0.602679 0.083085 0.112103
3 0.376364 0.771164 0.078125 0.100529
4 0.481771 0.131448 0.058284 0.075066
4 0.482763 0.298611 0.060268 0.083995
4 0.480903 0.481316 0.060020 0.092923
4 0.482267 0.610946 0.078125 0.092923
4 0.481771 0.771825 0.075149 0.101852
5 0.574281 0.119378 0.060268 0.081349
5 0.581845 0.287368 0.062004 0.101852
5 0.581473 0.479993 0.066716 0.098214
5 0.583953 0.609127 0.067708 0.093915
5 0.581473 0.769345 0.082093 0.116733
6 0.655878 0.126488 0.051339 0.077712
6 0.663070 0.296792 0.056300 0.090278
6 0.660218 0.487599 0.052579 0.092923
6 0.669147 0.626157 0.061012 0.092923
6 0.671131 0.786541 0.059028 0.095569
7 0.733631 0.115575 0.062004 0.079034
7 0.745040 0.279762 0.062004 0.096561
7 0.743552 0.485119 0.061012 0.087963
7 0.755084 0.615410 0.062748 0.093915
7 0.756448 0.775794 0.063988 0.101852
8 0.812376 0.118882 0.053323 0.072421
8 0.818452 0.277778 0.052579 0.085317
8 0.827505 0.465939 0.057292 0.082672
8 0.837550 0.607143 0.058036 0.082672
8 0.847594 0.776951 0.061260 0.088955
9 0.891989 0.111772 0.060268 0.091270
9 0.895337 0.285880 0.059028 0.091601
9 0.902902 0.469081 0.053323 0.073743
9 0.911954 0.619213 0.046627 0.079034
9 0.922495 0.780589 0.058284 0.088955
