0 0.053389 0.100420 0.063138 0.085731
0 0.056175 0.279077 0.070566 0.102518
0 0.054782 0.445444 0.075209 0.098321
0 0.058264 0.648082 0.077530 0.095923
0 0.069870 0.815048 0.067317 0.090528
1 0.153900 0.103417 0.071959 0.088129
1 0.161328 0.273082 0.084030 0.102518
1 0.160167 0.448741 0.075209 0.106115
1 0.166435 0.642386 0.072888 0.089329
1 0.172470 0.823441 0.065460 0.086930
2 0.271588 0.091727 0.081708 0.097122
2 0.274838 0.260492 0.077066 0.096523
2 0.278552 0.442446 0.080780 0.110312
2 0.280641 0.632794 0.084030 0.102518
2 0.272284 0.811451 0.083101 0.102518
3 0.369777 0.092026 0.079387 0.100120
3 0.375348 0.254796 0.085887 0.103118
3 0.376973 0.440348 0.087279 0.104916
3 0.385330 0.632194 0.086351 0.103717
3 0.383240 0.809353 0.079387 0.100719
4 0.473538 0.098321 0.087279 0.104317
4 0.477252 0.255096 0.075209 0.101319
4 0.482823 0.443945 0.079851 0.103717
4 0.484912 0.622302 0.079387 0.100719
4 0.489322 0.804556 0.083565 0.105516
5 0.579155 0.088429 0.089601 0.112110
5 0.578227 0.251799 0.078459 0.105516
5 0.587047 0.428657 0.076602 0.105516
5 0.584262 0.618405 0.079387 0.108513
5 0.589833 0.793765 0.077530 0.098321
6 0.682451 0.094125 0.080780 0.100719
6 0.684540 0.252698 0.080316 0.103717
6 0.680594 0.425360 0.084494 0.101319
6 0.681987 0.617506 0.080780 0.103118
6 0.689415 0.797062 0.061281 0.094125
7 0.775534 0.093825 0.085887 0.094125
7 0.781337 0.249101 0.079851 0.094125
7 0.785051 0.423261 0.078923 0.094724
7 0.782962 0.620803 0.083101 0.101319
7 0.782266 0.796463 0.077066 0.097722
8 0.876509 0.093825 0.080780 0.094125
8 0.876045 0.246403 0.070566 0.097122
8 0.879062 0.423261 0.071959 0.093525
8 0.877437 0.616607 0.073352 0.089329
8 0.881848 0.803058 0.071031 0.102518
9 0.959146 0.796463 0.062210 0.089329
9 0.954271 0.612410 0.062674 0.092926
9 0.955896 0.423261 0.062210 0.088729
9 0.953575 0.245504 0.070566 0.092926
9 0.958217 0.091427 0.070566 0.080935
