0 0.318576 0.321098 0.031498 0.045635
1 0.379712 0.322255 0.034226 0.047950
2 0.437004 0.321263 0.037698 0.047950
3 0.497272 0.320602 0.033234 0.046627
4 0.563616 0.321263 0.035962 0.047950
0 0.306672 0.440972 0.041915 0.049934
0 0.309524 0.563492 0.034226 0.044312
0 0.308284 0.690807 0.040179 0.050265
0 0.304936 0.815476 0.038442 0.048942
1 0.380580 0.440972 0.037450 0.047950
1 0.386037 0.561839 0.038442 0.043651
1 0.390005 0.684358 0.035962 0.044643
1 0.394717 0.813823 0.034970 0.045635
2 0.443080 0.440311 0.035962 0.046627
2 0.444320 0.558366 0.033482 0.043320
2 0.452505 0.681713 0.035962 0.043320
2 0.458457 0.803571 0.035962 0.041005
3 0.498512 0.438161 0.034226 0.044312
3 0.501612 0.555060 0.034970 0.043320
3 0.505084 0.677579 0.038442 0.046958
3 0.516617 0.801422 0.037698 0.043320
4 0.563616 0.438161 0.035962 0.044312
4 0.564484 0.553241 0.037698 0.046958
4 0.576389 0.672454 0.039187 0.041336
4 0.574777 0.793981 0.039435 0.042328
5 0.628100 0.318948 0.034970 0.043320
5 0.627356 0.436508 0.033482 0.041005
5 0.636285 0.551422 0.035962 0.043320
5 0.640625 0.673611 0.034226 0.045635
5 0.649926 0.788690 0.039435 0.050265
6 0.685888 0.317956 0.033978 0.043320
6 0.691096 0.434689 0.032490 0.040013
6 0.698785 0.549438 0.035962 0.043320
6 0.705481 0.668485 0.035962 0.044643
6 0.717138 0.792824 0.038442 0.055886
7 0.748264 0.314980 0.037698 0.041997
7 0.752108 0.429067 0.038442 0.046627
7 0.761161 0.543651 0.042659 0.050265
7 0.765005 0.662698 0.045387 0.048942
7 0.773934 0.788856 0.035962 0.047950
8 0.812996 0.315476 0.043651 0.050265
8 0.820188 0.427249 0.041171 0.050265
8 0.836434 0.544147 0.039435 0.046627
8 0.847098 0.662698 0.041915 0.048942
8 0.857763 0.786376 0.039435 0.050265
9 0.873636 0.309193 0.036954 0.048942
9 0.878720 0.427249 0.035218 0.041005
9 0.887649 0.541832 0.034226 0.046627
9 0.904390 0.654762 0.036954 0.048942
9 0.913442 0.786376 0.034226 0.050265
