0 0.129536 0.149026 0.048891 0.046707
0 0.119708 0.268481 0.043347 0.050403
0 0.121094 0.371136 0.043599 0.058132
0 0.119582 0.488743 0.040575 0.046707
0 0.109249 0.638105 0.047631 0.057796
1 0.204385 0.146337 0.055948 0.063508
1 0.200857 0.265793 0.048891 0.059812
1 0.202243 0.381552 0.054688 0.063508
1 0.188256 0.491599 0.054435 0.059812
1 0.185484 0.637097 0.057460 0.059812
2 0.273059 0.145329 0.053175 0.065524
2 0.272303 0.261929 0.049143 0.052083
2 0.275832 0.374832 0.053175 0.061492
2 0.272303 0.489583 0.054688 0.067204
2 0.266003 0.622312 0.053175 0.067204
3 0.345766 0.151714 0.058972 0.063508
3 0.347908 0.262097 0.057208 0.067204
3 0.340852 0.374832 0.051663 0.061492
3 0.347152 0.486895 0.064264 0.069220
3 0.340222 0.616599 0.061492 0.074597
4 0.417087 0.150874 0.050403 0.076613
4 0.414441 0.268481 0.053175 0.069220
4 0.408770 0.375840 0.055948 0.059476
4 0.415827 0.488743 0.058972 0.076277
4 0.414315 0.613911 0.055948 0.069220
5 0.490675 0.146169 0.054435 0.078629
5 0.487147 0.261929 0.044859 0.070901
5 0.478831 0.373824 0.050403 0.063508
5 0.501134 0.478495 0.053175 0.067204
5 0.494204 0.605511 0.047379 0.074597
6 0.559350 0.150034 0.051663 0.070901
6 0.548891 0.264785 0.050403 0.065188
6 0.547505 0.369288 0.047631 0.054435
6 0.563508 0.482359 0.048891 0.063508
6 0.562752 0.605343 0.055948 0.063508
7 0.634955 0.149026 0.051663 0.061492
7 0.632056 0.252520 0.057460 0.063508
7 0.620842 0.363743 0.054688 0.068884
7 0.635585 0.480343 0.058972 0.063508
7 0.636341 0.604503 0.057460 0.069220
8 0.704889 0.254536 0.054435 0.078293
8 0.690902 0.360047 0.057208 0.061492
8 0.706401 0.466230 0.057460 0.080309
8 0.705519 0.597110 0.053175 0.076613
9 0.765877 0.141465 0.055948 0.069220
9 0.764365 0.257224 0.044859 0.061492
9 0.760963 0.364583 0.046119 0.067204
9 0.780494 0.471942 0.057460 0.065524
9 0.758821 0.600806 0.041835 0.076613
8 0.700101 0.133065 0.050403 0.074597
