0 0.075397 0.281085 0.072421 0.071429
0 0.081101 0.390377 0.087798 0.071098
0 0.102059 0.479332 0.080109 0.055886
0 0.103919 0.602844 0.087798 0.063492
0 0.106399 0.685516 0.081845 0.066138
1 0.203125 0.277282 0.076389 0.073743
1 0.200397 0.384094 0.074405 0.073743
1 0.213666 0.475529 0.070685 0.083995
1 0.206969 0.569775 0.064732 0.068783
1 0.214658 0.700728 0.080109 0.096561
2 0.309028 0.287368 0.062996 0.089286
2 0.312748 0.396660 0.062996 0.073743
2 0.319444 0.488261 0.061012 0.073743
2 0.316716 0.587632 0.059028 0.078704
2 0.313740 0.698247 0.064980 0.106812
3 0.394841 0.274636 0.089782 0.088955
3 0.400670 0.385417 0.070685 0.071098
3 0.409226 0.474372 0.072421 0.086310
3 0.412078 0.586310 0.070685 0.101852
3 0.403522 0.690642 0.061012 0.086310
4 0.476066 0.277282 0.068700 0.079034
4 0.482639 0.378968 0.066964 0.104497
4 0.489211 0.473214 0.068700 0.083995
4 0.488343 0.584987 0.066964 0.083995
4 0.484623 0.684358 0.074405 0.073743
5 0.548487 0.268353 0.064732 0.106812
5 0.552331 0.391700 0.072421 0.109458
5 0.565724 0.479497 0.049603 0.066138
5 0.572297 0.569775 0.066716 0.099206
5 0.570437 0.685351 0.062996 0.091601
6 0.621900 0.287533 0.070685 0.073743
6 0.639137 0.396825 0.074405 0.078704
6 0.659102 0.483300 0.068700 0.063823
6 0.650546 0.579861 0.070437 0.073743
6 0.654266 0.695602 0.062996 0.071098
7 0.703869 0.281085 0.062996 0.086640
7 0.723090 0.395503 0.066716 0.076058
7 0.736359 0.479497 0.059028 0.066138
7 0.738219 0.586310 0.070685 0.060847
7 0.750620 0.691799 0.080109 0.078704
8 0.776414 0.279762 0.082093 0.083995
8 0.791667 0.396825 0.074405 0.083995
8 0.809896 0.484623 0.068700 0.076389
8 0.823165 0.605489 0.083829 0.099206
8 0.846974 0.702050 0.059028 0.063492
9 0.854663 0.289848 0.074405 0.088955
9 0.869916 0.404431 0.062748 0.083995
9 0.876612 0.489749 0.053323 0.081349
9 0.890005 0.597884 0.068700 0.099206
9 0.891865 0.696925 0.049603 0.073743
