0 0.098106 0.178700 0.054127 0.043321
1 0.202300 0.192238 0.054127 0.057762
2 0.294317 0.203069 0.044655 0.063177
3 0.383965 0.194946 0.056157 0.059567
4 0.476996 0.208484 0.043302 0.072202
5 0.566982 0.209838 0.062246 0.067690
6 0.646820 0.217960 0.041949 0.062274
7 0.732409 0.219314 0.057510 0.079422
8 0.813599 0.224278 0.043978 0.065884
9 0.879567 0.220668 0.043302 0.058664
0 0.085927 0.319495 0.044655 0.043321
0 0.078823 0.436823 0.048038 0.050542
0 0.072057 0.543321 0.052097 0.037906
0 0.058863 0.680505 0.041949 0.034296
1 0.185047 0.317690 0.052097 0.052347
1 0.180988 0.437726 0.050744 0.055957
1 0.161705 0.557310 0.056834 0.058664
1 0.141746 0.693592 0.057510 0.060469
2 0.279770 0.327617 0.053451 0.075812
2 0.281461 0.447653 0.051421 0.057762
2 0.266238 0.577166 0.056157 0.069495
2 0.250338 0.712545 0.060893 0.065884
3 0.374154 0.332581 0.064953 0.058664
3 0.371110 0.453971 0.057510 0.054152
3 0.366035 0.585740 0.069012 0.061372
3 0.353518 0.724278 0.068336 0.067690
4 0.462788 0.342960 0.056834 0.048736
4 0.461434 0.440884 0.052774 0.071300
4 0.468200 0.583484 0.060893 0.074910
4 0.453315 0.724729 0.064953 0.075812
5 0.567321 0.338448 0.065629 0.070397
5 0.578484 0.443141 0.062246 0.061372
5 0.569689 0.583484 0.067659 0.087545
5 0.571042 0.728791 0.058187 0.083935
6 0.652571 0.342960 0.053451 0.061372
6 0.666103 0.444495 0.056157 0.064079
6 0.674222 0.587996 0.062923 0.073105
6 0.664073 0.731949 0.056157 0.074007
7 0.738836 0.344765 0.060893 0.070397
7 0.776049 0.449458 0.060893 0.066787
7 0.767253 0.585289 0.063599 0.074910
7 0.761164 0.737365 0.064953 0.090253
8 0.822395 0.333032 0.061570 0.070397
8 0.840663 0.453971 0.045332 0.059567
8 0.851827 0.584838 0.048714 0.054152
8 0.838972 0.743231 0.048714 0.076715
9 0.889716 0.343412 0.033829 0.055054
9 0.894452 0.453520 0.040595 0.053249
9 0.902233 0.578520 0.034506 0.046931
9 0.900203 0.746390 0.048038 0.059567
