0 0.061300 0.174545 0.073855 0.072378
0 0.050775 0.338996 0.068316 0.075332
0 0.054653 0.485475 0.076071 0.077794
0 0.054653 0.610044 0.071640 0.077794
0 0.053545 0.762925 0.073855 0.067454
1 0.152880 0.174545 0.077548 0.103890
1 0.151957 0.331118 0.072009 0.080256
1 0.155650 0.481536 0.075702 0.090596
1 0.161558 0.611275 0.072009 0.080256
1 0.158604 0.756278 0.069793 0.090596
2 0.246123 0.167898 0.062408 0.090596
2 0.250000 0.325948 0.062038 0.090596
2 0.263479 0.479074 0.066100 0.085672
2 0.261632 0.611029 0.069793 0.085672
2 0.264586 0.748400 0.056499 0.085672
3 0.341396 0.169375 0.081610 0.103397
3 0.344165 0.320778 0.067947 0.096012
3 0.353028 0.475135 0.073855 0.082718
3 0.361706 0.604874 0.072009 0.088134
3 0.351182 0.747169 0.073855 0.088134
4 0.437592 0.166667 0.079764 0.103890
4 0.443316 0.318316 0.072009 0.096012
4 0.443501 0.468735 0.067947 0.090596
4 0.446455 0.606105 0.073855 0.090596
4 0.446270 0.736829 0.077917 0.093058
5 0.527880 0.164205 0.069793 0.103890
5 0.533604 0.310438 0.073855 0.100935
5 0.537666 0.462088 0.077548 0.093058
5 0.548375 0.596750 0.076071 0.098474
5 0.557976 0.734367 0.083456 0.103890
6 0.616322 0.160266 0.083456 0.100935
6 0.627031 0.310684 0.073855 0.090596
6 0.634786 0.455687 0.070162 0.091088
6 0.644387 0.589119 0.073855 0.093058
6 0.650295 0.733136 0.073855 0.085672
7 0.718242 0.162728 0.089365 0.100935
7 0.723227 0.299114 0.075702 0.088134
7 0.727105 0.442639 0.067947 0.090596
7 0.743538 0.585426 0.081610 0.085672
7 0.742799 0.725258 0.072009 0.085672
8 0.817578 0.156327 0.085672 0.103890
8 0.820347 0.297637 0.087518 0.091088
8 0.825332 0.441654 0.077548 0.098474
8 0.839919 0.579025 0.083826 0.098474
8 0.845643 0.718858 0.083456 0.098474
9 0.918759 0.164205 0.073855 0.113737
9 0.930207 0.292467 0.077548 0.101428
9 0.933161 0.435007 0.076071 0.096012
9 0.941839 0.563023 0.069793 0.108813
9 0.950517 0.710980 0.067947 0.098474
