0 0.206875 0.133778 0.051250 0.101333
0 0.202375 0.259778 0.047750 0.081333
0 0.194500 0.427778 0.050000 0.076889
0 0.184625 0.630889 0.051250 0.100000
0 0.164125 0.866000 0.049250 0.093778
1 0.258250 0.138889 0.041500 0.103556
1 0.253750 0.261556 0.046500 0.090222
1 0.247875 0.430667 0.047250 0.082667
1 0.236750 0.632667 0.044500 0.096444
1 0.222125 0.868000 0.054250 0.092444
2 0.308250 0.140667 0.044500 0.092889
2 0.306625 0.265333 0.050750 0.080000
2 0.302375 0.425778 0.052250 0.072889
2 0.294625 0.628222 0.056250 0.087556
2 0.286125 0.848889 0.058250 0.076444
3 0.354125 0.141333 0.033250 0.094222
3 0.356250 0.267778 0.039000 0.080444
3 0.351250 0.427778 0.037500 0.078667
3 0.344750 0.628444 0.038000 0.095111
3 0.339875 0.839333 0.040750 0.077778
4 0.392750 0.149333 0.034000 0.085333
4 0.398250 0.268444 0.035500 0.079111
4 0.393750 0.425778 0.037500 0.072889
4 0.389875 0.619111 0.042250 0.086222
4 0.385750 0.830889 0.042500 0.077778
5 0.431500 0.154889 0.032500 0.068889
5 0.436125 0.271556 0.034750 0.074667
5 0.436875 0.426667 0.043250 0.072000
5 0.434125 0.618222 0.037250 0.071111
5 0.431625 0.820222 0.035750 0.072444
6 0.468375 0.156889 0.035750 0.067556
6 0.473000 0.272667 0.032500 0.067111
6 0.479500 0.426889 0.036500 0.069778
6 0.476500 0.613778 0.038000 0.065778
6 0.477375 0.819111 0.043250 0.060444
7 0.504875 0.159111 0.027750 0.065778
7 0.508500 0.276222 0.030500 0.065333
7 0.517375 0.432444 0.032250 0.052444
7 0.516500 0.619556 0.035000 0.053333
7 0.521000 0.818667 0.034000 0.059556
8 0.543250 0.158667 0.033000 0.060444
8 0.548000 0.282889 0.037000 0.064444
8 0.554500 0.425778 0.033000 0.056000
8 0.557375 0.619778 0.037750 0.057333
8 0.563500 0.804667 0.037500 0.065333
9 0.577000 0.163556 0.028000 0.060444
9 0.582875 0.286889 0.026250 0.058222
9 0.591750 0.431778 0.029000 0.063556
9 0.597000 0.617333 0.033500 0.066667
9 0.604000 0.811333 0.027500 0.078667
