0 0.219271 0.366435 0.040625 0.057870
0 0.217448 0.450000 0.041146 0.050000
0 0.204818 0.538657 0.051302 0.062500
0 0.198437 0.641898 0.045833 0.060648
0 0.186458 0.741898 0.044271 0.058796
1 0.283073 0.368287 0.047917 0.060648
1 0.281901 0.447454 0.042969 0.055093
1 0.281250 0.534259 0.055208 0.061111
1 0.273438 0.635185 0.047917 0.067593
1 0.258333 0.736806 0.050000 0.066204
2 0.352604 0.362731 0.043750 0.066204
2 0.348568 0.443519 0.049219 0.055556
2 0.348568 0.533565 0.044531 0.065278
2 0.334115 0.635648 0.051042 0.062963
2 0.328776 0.729861 0.045052 0.067130
3 0.405859 0.359259 0.047656 0.067593
3 0.409245 0.438657 0.055469 0.067130
3 0.402083 0.528241 0.050521 0.073148
3 0.394141 0.627315 0.052865 0.069444
3 0.389714 0.729398 0.055469 0.073611
4 0.460938 0.359259 0.048438 0.070370
4 0.464453 0.440509 0.048177 0.069907
4 0.459896 0.529630 0.044271 0.068519
4 0.452214 0.627778 0.047135 0.070370
4 0.448828 0.728472 0.049740 0.078241
5 0.523307 0.354167 0.049740 0.077778
5 0.520182 0.435417 0.053385 0.067130
5 0.517318 0.521296 0.046615 0.081481
5 0.511719 0.618056 0.045833 0.080556
5 0.517057 0.726157 0.056510 0.074537
6 0.576693 0.353009 0.041406 0.072685
6 0.579167 0.436806 0.047396 0.068056
6 0.576693 0.528472 0.044531 0.068981
6 0.580078 0.625463 0.045052 0.080556
6 0.580599 0.721991 0.049219 0.081944
7 0.629948 0.345833 0.044792 0.070370
7 0.636979 0.433796 0.047917 0.069444
7 0.636589 0.516667 0.051823 0.071296
7 0.640104 0.621991 0.049479 0.076389
7 0.648698 0.719676 0.059896 0.075463
8 0.687240 0.341204 0.045833 0.061111
8 0.694401 0.428472 0.045573 0.068056
8 0.702214 0.521759 0.047656 0.072222
8 0.709115 0.623380 0.048958 0.068981
8 0.713672 0.717593 0.045052 0.082407
9 0.740625 0.338426 0.032292 0.063889
9 0.750521 0.420833 0.045833 0.062963
9 0.754948 0.519907 0.036979 0.062963
9 0.762370 0.620370 0.042448 0.071296
9 0.769922 0.711806 0.048177 0.078241
