0 0.088542 0.253142 0.078869 0.045304
0 0.097346 0.333995 0.069692 0.039021
0 0.091890 0.414187 0.063244 0.036045
0 0.093998 0.502646 0.067460 0.033069
0 0.086186 0.591104 0.065228 0.036045
1 0.175099 0.248347 0.049603 0.048280
1 0.176215 0.335813 0.056300 0.047950
1 0.175099 0.415675 0.049603 0.044974
1 0.175099 0.499339 0.045139 0.044974
1 0.184276 0.577877 0.058532 0.057209
2 0.260913 0.244213 0.054067 0.057209
2 0.257316 0.328208 0.060764 0.045304
2 0.267609 0.415179 0.067460 0.051257
2 0.275546 0.490741 0.065476 0.050926
2 0.275670 0.573413 0.056300 0.054233
3 0.352183 0.242725 0.065476 0.060185
3 0.354539 0.331019 0.060764 0.050926
3 0.357763 0.409557 0.058780 0.039352
3 0.364459 0.485946 0.063244 0.053902
3 0.364459 0.574901 0.067708 0.057209
4 0.444444 0.238261 0.061012 0.075066
4 0.448165 0.331515 0.045139 0.075066
4 0.449157 0.408069 0.065476 0.060185
4 0.454613 0.487269 0.062996 0.063161
4 0.454613 0.565642 0.062996 0.063161
5 0.525794 0.231978 0.065476 0.075066
5 0.525794 0.319114 0.069940 0.069444
5 0.531374 0.406581 0.072173 0.063161
5 0.524802 0.488757 0.049603 0.066138
5 0.531374 0.564153 0.062748 0.060185
6 0.604787 0.233466 0.056300 0.072090
6 0.618304 0.311839 0.069940 0.054233
6 0.617188 0.405093 0.058780 0.066138
6 0.623760 0.481647 0.067460 0.057209
6 0.627108 0.567130 0.060764 0.066138
7 0.687128 0.233466 0.063244 0.078042
7 0.699405 0.316138 0.065476 0.062831
7 0.701513 0.401786 0.074653 0.072090
7 0.714162 0.482970 0.072173 0.066468
7 0.710441 0.552249 0.056300 0.066138
8 0.773810 0.230655 0.065476 0.066468
8 0.786086 0.311839 0.072173 0.072090
8 0.784970 0.397487 0.065476 0.069444
8 0.787202 0.475364 0.065476 0.069114
8 0.783730 0.559524 0.062996 0.081349
9 0.860615 0.230655 0.067460 0.078373
9 0.871900 0.311839 0.063244 0.066138
9 0.873016 0.392692 0.065476 0.072421
9 0.868552 0.473876 0.065476 0.078042
9 0.871900 0.556548 0.076637 0.081349
