0 0.143290 0.190784 0.070010 0.097330
0 0.144985 0.371447 0.073401 0.098622
0 0.142321 0.512705 0.073401 0.090009
0 0.144259 0.653316 0.077762 0.097330
0 0.147529 0.820413 0.075581 0.105082
1 0.241279 0.196598 0.064922 0.101206
1 0.245155 0.364341 0.071221 0.094746
1 0.243338 0.518949 0.076308 0.099914
1 0.243096 0.664513 0.079700 0.107666
1 0.243823 0.819121 0.084060 0.105082
2 0.332849 0.196598 0.071221 0.103790
2 0.340237 0.372093 0.069041 0.105082
2 0.342781 0.521533 0.069767 0.097330
2 0.346051 0.665159 0.074855 0.106374
2 0.350291 0.822351 0.074612 0.111542
3 0.417636 0.195306 0.071221 0.103790
3 0.421996 0.373170 0.071221 0.103790
3 0.428052 0.524332 0.071221 0.103790
3 0.431928 0.662575 0.071221 0.103790
3 0.431444 0.813307 0.071221 0.103790
4 0.503391 0.195736 0.071221 0.103790
4 0.505087 0.360680 0.071221 0.103790
4 0.504603 0.359819 0.071221 0.103790
4 0.511870 0.512274 0.071221 0.103790
4 0.514293 0.656977 0.071221 0.103790
4 0.518895 0.804264 0.071221 0.103790
5 0.578609 0.189061 0.061289 0.118863
5 0.581759 0.370801 0.061289 0.118863
5 0.591206 0.506891 0.061289 0.118863
5 0.599201 0.660207 0.061289 0.118863
5 0.603803 0.812661 0.061289 0.118863
6 0.647408 0.188630 0.061289 0.118863
6 0.655644 0.372954 0.061289 0.118863
6 0.661701 0.516365 0.061289 0.118863
6 0.670422 0.655900 0.061289 0.118863
6 0.674297 0.812231 0.061289 0.118863
7 0.724927 0.186908 0.061289 0.118863
7 0.730015 0.378553 0.061289 0.118863
7 0.736797 0.515504 0.061289 0.118863
7 0.737040 0.660637 0.061289 0.118863
7 0.747214 0.809647 0.061289 0.118863
8 0.799297 0.172696 0.061289 0.118863
8 0.808261 0.389750 0.061289 0.118863
8 0.816255 0.529716 0.061289 0.118863
8 0.819404 0.662791 0.061289 0.118863
8 0.826672 0.819121 0.061289 0.118863
9 0.873183 0.181309 0.061289 0.118863
9 0.884811 0.382860 0.061289 0.118863
9 0.885780 0.530577 0.061289 0.118863
9 0.891836 0.667959 0.061289 0.118863
9 0.894259 0.817829 0.061289 0.118863
