0 0.060144 0.157903 0.059772 0.064484
0 0.060144 0.310516 0.055308 0.062831
0 0.059028 0.433697 0.057540 0.063161
0 0.056176 0.541997 0.058780 0.062831
0 0.051091 0.641204 0.066468 0.069444
1 0.146329 0.159392 0.058532 0.067460
1 0.148686 0.298446 0.060764 0.075066
1 0.154266 0.426257 0.065476 0.072090
1 0.145833 0.530754 0.070933 0.076720
1 0.145213 0.635086 0.072173 0.075066
2 0.240575 0.152612 0.066468 0.075066
2 0.247272 0.293981 0.073413 0.089947
2 0.247768 0.416501 0.069940 0.076389
2 0.246156 0.526290 0.068700 0.079696
2 0.239955 0.625331 0.067708 0.076720
3 0.352679 0.148148 0.071925 0.089947
3 0.356151 0.279597 0.069940 0.085648
3 0.353175 0.392526 0.066468 0.076720
3 0.347594 0.505291 0.066716 0.076720
3 0.344246 0.615575 0.068948 0.084325
4 0.455233 0.136905 0.067708 0.076720
4 0.457589 0.267692 0.065476 0.076389
4 0.462054 0.378968 0.062996 0.082672
4 0.456349 0.496197 0.065476 0.073743
4 0.458085 0.597553 0.075397 0.081349
5 0.555556 0.120370 0.062996 0.088624
5 0.557292 0.240575 0.055060 0.070437
5 0.561880 0.365410 0.064236 0.076720
5 0.559028 0.475033 0.062996 0.073743
5 0.560640 0.571429 0.068700 0.076720
6 0.639633 0.118056 0.053075 0.087302
6 0.646949 0.226356 0.063244 0.075066
6 0.653150 0.348876 0.052827 0.073413
6 0.652034 0.465443 0.062004 0.069114
6 0.657738 0.565146 0.062004 0.082672
7 0.741071 0.108466 0.068948 0.076720
7 0.750124 0.218089 0.073165 0.076389
7 0.750620 0.327877 0.072173 0.073743
7 0.752852 0.438161 0.063244 0.072090
7 0.759053 0.547950 0.068700 0.078042
8 0.830729 0.108466 0.060764 0.076720
8 0.843626 0.203042 0.059772 0.082672
8 0.852059 0.310516 0.063244 0.075397
8 0.857143 0.415675 0.066468 0.078042
8 0.866691 0.526290 0.060764 0.079696
9 0.926463 0.097057 0.051835 0.069114
9 0.935516 0.185020 0.058532 0.070437
9 0.936632 0.300761 0.056300 0.070437
9 0.943328 0.409722 0.056300 0.075397
9 0.946801 0.513393 0.060764 0.084325
