0 0.126572 0.083166 0.085499 0.091214
0 0.137049 0.248826 0.104778 0.104628
0 0.137469 0.409792 0.099749 0.091214
0 0.143755 0.565728 0.100587 0.083836
0 0.146270 0.750168 0.082984 0.083836
1 0.238894 0.084172 0.076278 0.102616
1 0.240570 0.235077 0.077117 0.090543
1 0.241408 0.409792 0.075440 0.100604
1 0.241827 0.569081 0.076278 0.105298
1 0.245180 0.729712 0.082984 0.093897
2 0.325440 0.084842 0.072506 0.099933
2 0.334661 0.398055 0.073345 0.090543
2 0.333403 0.228035 0.093462 0.097921
2 0.327117 0.556003 0.079212 0.100604
2 0.334241 0.723675 0.072506 0.088531
3 0.422464 0.081824 0.077117 0.097921
3 0.429589 0.229041 0.076278 0.098592
3 0.424141 0.561368 0.082984 0.111335
3 0.433571 0.703890 0.095977 0.106640
3 0.431894 0.393696 0.088433 0.096579
4 0.518441 0.072435 0.069573 0.097921
4 0.519698 0.219987 0.069573 0.099262
4 0.527661 0.400402 0.068734 0.119383
4 0.529128 0.557009 0.079212 0.095909
4 0.531643 0.693159 0.073345 0.103957
5 0.599539 0.078135 0.069153 0.126761
5 0.607502 0.229041 0.074183 0.105298
5 0.606664 0.400738 0.072506 0.116030
5 0.613789 0.549966 0.065801 0.091214
5 0.615256 0.681757 0.070411 0.117371
6 0.687972 0.070758 0.079212 0.106640
6 0.693210 0.232730 0.074602 0.097921
6 0.696773 0.402079 0.067477 0.097250
6 0.697402 0.549631 0.082984 0.091885
6 0.705574 0.680751 0.078374 0.097921
7 0.777452 0.070758 0.069573 0.094567
7 0.786253 0.234406 0.088852 0.091885
7 0.778500 0.392689 0.064124 0.085178
7 0.782900 0.546948 0.070411 0.082495
7 0.792749 0.689135 0.071668 0.093226
9 0.936085 0.077800 0.047360 0.089873
9 0.941953 0.259557 0.060771 0.111335
9 0.935666 0.427565 0.050712 0.085178
9 0.939648 0.560027 0.062028 0.089873
9 0.938810 0.689135 0.055323 0.090543
8 0.865046 0.080148 0.063705 0.094567
8 0.869866 0.240107 0.061609 0.088531
8 0.861903 0.402750 0.064962 0.105298
8 0.862741 0.554326 0.051551 0.099933
8 0.865675 0.686117 0.064962 0.075117
