0 0.157075 0.319495 0.052810 0.066787
0 0.144888 0.440884 0.056872 0.073105
0 0.124577 0.565433 0.062288 0.080325
0 0.105958 0.718863 0.065674 0.080325
0 0.165877 0.221119 0.056872 0.075812
1 0.194313 0.707581 0.055518 0.070397
1 0.200745 0.560018 0.056195 0.071300
1 0.213947 0.438177 0.060934 0.071300
1 0.227150 0.322653 0.064320 0.067690
1 0.237982 0.217509 0.065674 0.070397
2 0.308057 0.210289 0.051456 0.059567
2 0.300609 0.312726 0.054164 0.073105
2 0.291131 0.429152 0.062288 0.067690
2 0.281313 0.550542 0.064320 0.070397
2 0.276574 0.693141 0.062965 0.072202
3 0.370684 0.199458 0.058903 0.070397
3 0.364252 0.307762 0.060934 0.068592
3 0.357820 0.424188 0.058903 0.072202
3 0.351726 0.543773 0.065674 0.071300
3 0.348680 0.686372 0.069059 0.071300
4 0.438389 0.199458 0.062965 0.066787
4 0.433988 0.301895 0.059580 0.062274
4 0.427217 0.411552 0.058226 0.074007
4 0.423832 0.531137 0.063643 0.069495
4 0.425525 0.671029 0.067028 0.069495
5 0.500000 0.194946 0.050779 0.066787
5 0.496276 0.299639 0.055518 0.064982
5 0.496615 0.411101 0.062965 0.069495
5 0.495599 0.529783 0.063643 0.064982
5 0.498646 0.663357 0.069736 0.072202
6 0.556872 0.189079 0.050779 0.069495
6 0.551456 0.296480 0.041300 0.055054
6 0.558565 0.413809 0.048747 0.055054
6 0.563643 0.525271 0.053487 0.055957
6 0.577522 0.658845 0.058226 0.064982
7 0.619838 0.178700 0.056195 0.072202
7 0.615775 0.297383 0.056195 0.056859
7 0.619499 0.406137 0.052810 0.057762
7 0.628978 0.521209 0.059580 0.062274
7 0.656060 0.656588 0.071767 0.069495
8 0.678402 0.179152 0.050102 0.074910
8 0.681787 0.297834 0.056872 0.061372
8 0.683819 0.408845 0.054164 0.059567
8 0.693297 0.521209 0.054164 0.065884
8 0.723426 0.651625 0.048070 0.061372
9 0.738321 0.175993 0.048070 0.064982
9 0.741368 0.295578 0.043331 0.060469
9 0.744076 0.407040 0.051456 0.055957
9 0.751523 0.523014 0.050102 0.064079
9 0.781991 0.646661 0.054164 0.062274
