0 0.039931 0.126488 0.070933 0.069114
0 0.045883 0.222553 0.077877 0.046958
0 0.046999 0.310681 0.066220 0.059854
0 0.044643 0.408399 0.070933 0.053571
0 0.049355 0.501323 0.070933 0.056878
1 0.143849 0.131283 0.065972 0.066138
1 0.154514 0.225860 0.068452 0.066138
1 0.153274 0.321759 0.065972 0.056878
1 0.147445 0.411541 0.082589 0.053241
1 0.153274 0.502811 0.075397 0.047288
2 0.256076 0.134425 0.073165 0.059854
2 0.258433 0.225860 0.082837 0.066138
2 0.264385 0.318618 0.080357 0.056548
2 0.264385 0.409888 0.080357 0.056548
2 0.265501 0.496528 0.078125 0.059854
3 0.373016 0.135913 0.061508 0.069444
3 0.367063 0.233631 0.068452 0.063161
3 0.383681 0.324901 0.068452 0.063161
3 0.373016 0.411541 0.061508 0.059854
3 0.368180 0.495040 0.066220 0.062831
4 0.454489 0.139054 0.063740 0.063161
4 0.449777 0.235284 0.073165 0.059854
4 0.481647 0.321759 0.061508 0.069444
4 0.468626 0.406746 0.068700 0.062831
4 0.454489 0.499669 0.063740 0.053571
5 0.544271 0.139054 0.054315 0.075728
5 0.535962 0.228836 0.065972 0.066138
5 0.566716 0.315476 0.061508 0.069444
5 0.560640 0.408234 0.063740 0.059854
5 0.552455 0.495040 0.056796 0.062831
6 0.619792 0.140708 0.049603 0.059854
6 0.617436 0.228836 0.054315 0.066138
6 0.649306 0.318618 0.056548 0.063161
6 0.651662 0.398810 0.051835 0.066138
6 0.652778 0.493552 0.068452 0.059854
7 0.722594 0.135913 0.066220 0.069444
7 0.717758 0.221065 0.070933 0.069114
7 0.734375 0.320271 0.061508 0.059854
7 0.743800 0.405258 0.070933 0.059854
7 0.765129 0.493552 0.070933 0.072421
8 0.821801 0.225860 0.075645 0.066138
8 0.821801 0.132771 0.066220 0.069114
8 0.828745 0.318618 0.075645 0.050595
8 0.843006 0.406746 0.065972 0.062831
8 0.859499 0.491898 0.066220 0.056548
9 0.923239 0.134259 0.066220 0.078704
9 0.923239 0.224206 0.066220 0.069444
9 0.937500 0.310847 0.052083 0.066138
9 0.937500 0.414683 0.061508 0.078704
9 0.956349 0.496693 0.056548 0.078704
