0 0.062128 0.251819 0.063244 0.084325
0 0.072173 0.380787 0.083333 0.096892
0 0.074157 0.504464 0.074405 0.075728
0 0.076141 0.623016 0.078373 0.080026
0 0.083457 0.737599 0.076637 0.079034
1 0.150298 0.253307 0.074405 0.095899
1 0.161830 0.380291 0.073661 0.093915
1 0.166295 0.498843 0.077629 0.089616
1 0.170635 0.608631 0.063988 0.072421
1 0.183036 0.732308 0.080853 0.091601
2 0.233135 0.256448 0.063988 0.125992
2 0.251860 0.377646 0.069692 0.090608
2 0.265749 0.495536 0.075149 0.098214
2 0.271329 0.627315 0.078373 0.101190
2 0.282986 0.751984 0.075893 0.101190
3 0.328993 0.244378 0.094494 0.126984
3 0.351438 0.373347 0.091270 0.092593
3 0.365079 0.506779 0.084821 0.112103
3 0.371404 0.623512 0.083085 0.106812
3 0.379836 0.763228 0.084077 0.115079
4 0.434276 0.240575 0.079365 0.127976
4 0.445437 0.375992 0.062996 0.093915
4 0.460317 0.510417 0.071925 0.104828
4 0.466642 0.630291 0.068700 0.099206
4 0.477059 0.764881 0.081597 0.107804
5 0.528646 0.223380 0.092014 0.125992
5 0.539435 0.369544 0.083333 0.119378
5 0.552207 0.496528 0.089534 0.124008
5 0.557416 0.625165 0.076141 0.103505
5 0.568204 0.772321 0.084821 0.116071
6 0.620660 0.210648 0.079117 0.095899
6 0.632688 0.368552 0.064980 0.110780
6 0.636161 0.512401 0.070437 0.108796
6 0.646701 0.634094 0.073661 0.089616
6 0.659846 0.777612 0.072669 0.110119
7 0.722594 0.208664 0.094494 0.113095
7 0.727059 0.370040 0.093502 0.107804
7 0.735119 0.494378 0.087302 0.093915
7 0.739831 0.637235 0.088790 0.113095
7 0.754712 0.773810 0.097718 0.093915
8 0.824653 0.200397 0.083829 0.126984
8 0.830233 0.369048 0.076141 0.105820
8 0.835441 0.500827 0.083085 0.125992
8 0.839038 0.643849 0.082341 0.113095
8 0.848338 0.788856 0.073661 0.115410
9 0.929439 0.198413 0.077629 0.092593
9 0.927083 0.356316 0.062996 0.092923
9 0.935888 0.494544 0.085565 0.108796
9 0.924727 0.654431 0.069692 0.113095
9 0.930680 0.802083 0.075149 0.114087
