0 0.138346 0.209843 0.070964 0.073228
0 0.135091 0.347638 0.069661 0.071654
0 0.133464 0.488583 0.063802 0.084252
0 0.126953 0.605118 0.065104 0.076378
0 0.126628 0.742913 0.072266 0.071654
1 0.233398 0.209843 0.059245 0.073228
1 0.230469 0.351969 0.076823 0.074016
1 0.225586 0.498425 0.069661 0.075591
1 0.217773 0.611024 0.061849 0.078740
1 0.219076 0.742126 0.054036 0.060630
2 0.316081 0.215748 0.060547 0.072441
2 0.320312 0.345276 0.061198 0.070079
2 0.314128 0.495669 0.054036 0.063780
2 0.312500 0.615354 0.048177 0.055906
2 0.310872 0.744488 0.056641 0.065354
3 0.407227 0.209843 0.056641 0.073228
3 0.412109 0.348425 0.063802 0.084252
3 0.407227 0.485827 0.073568 0.078740
3 0.410156 0.618110 0.070312 0.061417
3 0.401042 0.744094 0.063802 0.077165
4 0.485026 0.207874 0.067708 0.083465
4 0.486654 0.349606 0.059245 0.078740
4 0.489583 0.491339 0.062500 0.067717
4 0.493164 0.620866 0.069661 0.070079
4 0.487305 0.744488 0.067057 0.068504
5 0.565755 0.200394 0.062500 0.088976
5 0.566406 0.343307 0.066406 0.086614
5 0.571615 0.491339 0.062500 0.078740
5 0.580078 0.613780 0.062500 0.081102
5 0.563802 0.733465 0.069010 0.090551
6 0.644531 0.209055 0.061198 0.071654
6 0.645833 0.344094 0.061198 0.081890
6 0.651367 0.487008 0.055339 0.070079
6 0.657878 0.624016 0.068359 0.093701
6 0.639323 0.744094 0.062500 0.080315
7 0.728841 0.210630 0.059245 0.074803
7 0.731445 0.346063 0.042318 0.071654
7 0.734375 0.494094 0.062500 0.066929
7 0.738281 0.630709 0.065104 0.080315
7 0.728841 0.741339 0.073568 0.065354
8 0.802083 0.196850 0.062500 0.092913
8 0.808594 0.336220 0.069010 0.077165
8 0.811523 0.485433 0.055339 0.070079
8 0.820638 0.622441 0.068359 0.070079
8 0.826823 0.740157 0.063802 0.080315
9 0.891927 0.204724 0.066406 0.094488
9 0.892578 0.337402 0.065104 0.071654
9 0.883138 0.487795 0.056641 0.068504
9 0.900716 0.615354 0.060547 0.063780
9 0.902018 0.731890 0.052734 0.052756
