0 0.172874 0.192183 0.052144 0.093023
0 0.170331 0.334948 0.049964 0.095607
0 0.168332 0.493702 0.047783 0.084948
0 0.163063 0.658592 0.047783 0.113049
0 0.164971 0.794574 0.051599 0.080749
1 0.242914 0.192345 0.060683 0.106266
1 0.241097 0.339632 0.053779 0.091408
1 0.239916 0.493702 0.059048 0.090116
1 0.233012 0.639696 0.059048 0.091408
1 0.233103 0.791828 0.060683 0.093992
2 0.310320 0.190245 0.060683 0.096899
2 0.308775 0.333495 0.057594 0.092700
2 0.311410 0.491602 0.056686 0.083333
2 0.306141 0.633721 0.055233 0.095607
2 0.306141 0.778262 0.056686 0.091408
3 0.372002 0.191537 0.049237 0.107881
3 0.374727 0.328165 0.049964 0.087209
3 0.375818 0.488372 0.050690 0.098191
3 0.371275 0.627584 0.052144 0.099483
3 0.371185 0.775678 0.053779 0.102390
4 0.423056 0.191699 0.040879 0.107558
4 0.428416 0.322674 0.048328 0.082041
4 0.430233 0.482235 0.044695 0.085917
4 0.429506 0.623547 0.056686 0.083656
4 0.437409 0.770995 0.059048 0.095607
5 0.478743 0.181363 0.055233 0.090116
5 0.484466 0.316053 0.051417 0.084948
5 0.489281 0.474806 0.055233 0.100775
5 0.494277 0.626938 0.056141 0.103359
5 0.494640 0.770995 0.050690 0.109173
6 0.538517 0.176841 0.044695 0.086240
6 0.539608 0.326227 0.045422 0.096899
6 0.542333 0.479490 0.044695 0.091408
6 0.543060 0.623547 0.044695 0.091408
6 0.546875 0.773579 0.050872 0.100775
7 0.599110 0.182817 0.064499 0.100775
7 0.602925 0.328165 0.061228 0.103359
7 0.599110 0.486273 0.058321 0.104974
7 0.604379 0.619671 0.056868 0.088824
7 0.613463 0.770995 0.065952 0.114341
8 0.663427 0.185562 0.047783 0.122416
8 0.659702 0.322836 0.047602 0.092700
8 0.661610 0.480297 0.051417 0.093023
8 0.661882 0.620317 0.053779 0.106266
8 0.668786 0.776970 0.055233 0.115956
9 0.713118 0.182817 0.054506 0.106589
9 0.718296 0.329457 0.066679 0.095607
9 0.719840 0.489664 0.065044 0.095607
9 0.718387 0.625646 0.053052 0.095607
9 0.727380 0.777778 0.060501 0.111757
