0 0.124831 0.187556 0.064276 0.059513
0 0.122801 0.316501 0.064276 0.059513
0 0.122801 0.424707 0.064276 0.059513
0 0.124831 0.522092 0.064276 0.059513
0 0.122124 0.618575 0.064276 0.059513
1 0.218200 0.187556 0.064276 0.059513
1 0.216171 0.307484 0.064276 0.059513
1 0.218877 0.414788 0.064276 0.059513
1 0.226996 0.509468 0.064276 0.059513
1 0.231055 0.611362 0.064276 0.059513
2 0.298714 0.179441 0.064276 0.059513
2 0.306834 0.293959 0.064276 0.059513
2 0.314276 0.418395 0.064276 0.059513
2 0.325778 0.513075 0.064276 0.059513
2 0.326455 0.610460 0.064276 0.059513
3 0.383288 0.172227 0.064276 0.059513
3 0.395467 0.289450 0.064276 0.059513
3 0.409675 0.407574 0.064276 0.059513
3 0.428620 0.502254 0.064276 0.059513
3 0.430650 0.602344 0.064276 0.059513
4 0.469892 0.164112 0.064276 0.059513
4 0.479364 0.275023 0.064276 0.059513
4 0.493572 0.394950 0.064276 0.059513
4 0.507781 0.496844 0.064276 0.059513
4 0.518606 0.591524 0.064276 0.059513
5 0.563261 0.160505 0.064276 0.059513
5 0.572733 0.273219 0.064276 0.059513
5 0.582206 0.385032 0.064276 0.059513
5 0.599120 0.487827 0.064276 0.059513
5 0.609269 0.585212 0.064276 0.059513
6 0.641746 0.161407 0.064276 0.059513
6 0.649188 0.272317 0.064276 0.059513
6 0.656631 0.390442 0.064276 0.059513
6 0.677605 0.483318 0.064276 0.059513
6 0.689783 0.581605 0.064276 0.059513
7 0.734438 0.159603 0.064276 0.059513
7 0.733762 0.266005 0.064276 0.059513
7 0.743234 0.383228 0.064276 0.059513
7 0.757442 0.480613 0.064276 0.059513
7 0.776387 0.584310 0.064276 0.059513
8 0.820027 0.150135 0.058187 0.073039
8 0.820365 0.262399 0.064276 0.059513
8 0.822395 0.385482 0.064276 0.073039
8 0.841678 0.474301 0.060893 0.059513
8 0.853857 0.574842 0.066306 0.074842
9 0.910690 0.153742 0.066306 0.074842
9 0.914073 0.271867 0.066306 0.074842
9 0.916779 0.390893 0.060893 0.071235
9 0.920162 0.475654 0.060893 0.071235
9 0.937077 0.572137 0.060893 0.071235