0 0.104539 0.222884 0.053819 0.052249
0 0.098834 0.353009 0.054812 0.051257
0 0.099826 0.483300 0.046379 0.041336
0 0.090526 0.614087 0.059028 0.049603
0 0.087550 0.740245 0.062996 0.042659
1 0.187748 0.218089 0.064980 0.056548
1 0.185640 0.355820 0.060764 0.053571
1 0.185144 0.474206 0.057788 0.062169
1 0.191220 0.603009 0.062004 0.057870
1 0.191840 0.731151 0.058780 0.063492
2 0.286954 0.724372 0.071429 0.085648
2 0.289062 0.596892 0.067212 0.070106
2 0.274926 0.468089 0.068204 0.079696
2 0.274554 0.350198 0.059028 0.070106
2 0.274554 0.222057 0.061012 0.070437
3 0.362351 0.220073 0.075397 0.069114
3 0.360367 0.350198 0.073413 0.070106
3 0.370040 0.468750 0.063988 0.067791
3 0.369668 0.594907 0.067212 0.063492
3 0.384549 0.720899 0.070188 0.081349
4 0.446553 0.216601 0.068204 0.083995
4 0.450273 0.351521 0.067212 0.081349
4 0.461062 0.475694 0.074405 0.075728
4 0.470362 0.598214 0.068204 0.078704
4 0.477555 0.723545 0.068204 0.081349
5 0.526662 0.208333 0.071181 0.097884
5 0.534350 0.342758 0.068204 0.090939
5 0.545759 0.466601 0.068204 0.080026
5 0.555060 0.595569 0.063988 0.086640
5 0.572669 0.729167 0.072421 0.092593
6 0.609375 0.210317 0.073413 0.066138
6 0.618056 0.344742 0.072421 0.064484
6 0.626364 0.466766 0.078621 0.060516
6 0.632688 0.595403 0.062004 0.059193
6 0.650174 0.739418 0.066220 0.063492
7 0.696677 0.204200 0.076389 0.081019
7 0.702877 0.336475 0.074405 0.075728
7 0.721974 0.470734 0.077381 0.074405
7 0.716766 0.598214 0.077381 0.067460
7 0.729291 0.736111 0.079613 0.070106
8 0.791171 0.198578 0.071429 0.089616
8 0.798487 0.327546 0.069196 0.085648
8 0.815972 0.468089 0.073413 0.085648
8 0.818080 0.584491 0.071181 0.084325
8 0.828993 0.740906 0.068204 0.079696
9 0.874380 0.195933 0.070188 0.097553
9 0.890377 0.333003 0.071429 0.087963
9 0.902902 0.472884 0.067212 0.086640
9 0.909474 0.603836 0.060020 0.083995
9 0.912698 0.746362 0.062004 0.096561
