0 0.140377 0.301257 0.055556 0.075397
0 0.142113 0.413194 0.065972 0.075728
0 0.147321 0.509921 0.064980 0.054894
0 0.149678 0.609292 0.069692 0.080357
0 0.152158 0.702877 0.069692 0.072421
1 0.221106 0.296627 0.063740 0.075397
1 0.224702 0.410714 0.061508 0.074074
1 0.224702 0.505126 0.068452 0.064484
1 0.227679 0.605324 0.062500 0.084987
1 0.230655 0.702877 0.065972 0.075728
2 0.302083 0.287202 0.064980 0.069114
2 0.306796 0.402116 0.067460 0.075397
2 0.310888 0.496528 0.066220 0.075728
2 0.309772 0.587798 0.065972 0.072421
2 0.311632 0.689484 0.069692 0.083333
3 0.379464 0.284061 0.063988 0.075397
3 0.382440 0.392692 0.064980 0.072421
3 0.385293 0.485615 0.063740 0.069114
3 0.389013 0.582341 0.063740 0.074074
3 0.390625 0.682374 0.062500 0.088294
4 0.462054 0.277778 0.068452 0.082011
4 0.465154 0.393519 0.067212 0.086640
4 0.467510 0.485450 0.064980 0.078704
4 0.469246 0.576885 0.065972 0.081680
4 0.466890 0.681548 0.070685 0.083333
5 0.547867 0.271495 0.064980 0.078704
5 0.548363 0.387897 0.070933 0.082011
5 0.552455 0.473049 0.069692 0.075728
5 0.554812 0.568122 0.067460 0.086640
5 0.553075 0.676918 0.070933 0.083333
6 0.630332 0.268188 0.069692 0.082011
6 0.632812 0.385582 0.069692 0.077381
6 0.638641 0.476025 0.071925 0.075728
6 0.637525 0.569775 0.067212 0.077381
6 0.640501 0.674603 0.066220 0.082011
7 0.712550 0.262731 0.065972 0.083664
7 0.714906 0.380787 0.070685 0.092923
7 0.717262 0.484127 0.068452 0.078704
7 0.717262 0.571263 0.068452 0.067791
7 0.716642 0.672950 0.064732 0.082011
8 0.798115 0.262070 0.067460 0.072421
8 0.795759 0.388724 0.062748 0.083664
8 0.796999 0.479993 0.062748 0.080357
8 0.795263 0.570602 0.063740 0.069114
8 0.789931 0.672950 0.064980 0.085317
9 0.874256 0.260417 0.061508 0.075728
9 0.872644 0.389550 0.069692 0.078704
9 0.872024 0.477679 0.070933 0.072421
9 0.869544 0.568287 0.061508 0.080357
9 0.866691 0.671296 0.067212 0.091270
