0 0.057129 0.315430 0.053711 0.043620
0 0.074951 0.405273 0.073730 0.033203
0 0.049561 0.504557 0.058105 0.031250
0 0.049805 0.618164 0.052734 0.026693
0 0.052734 0.746419 0.063477 0.026693
1 0.150879 0.304688 0.048828 0.041667
3 0.322510 0.307943 0.058105 0.069010
1 0.157227 0.408529 0.051758 0.047526
1 0.150879 0.508464 0.045898 0.041667
1 0.143799 0.615560 0.055176 0.044922
1 0.138672 0.747721 0.051758 0.050130
2 0.240479 0.308594 0.059082 0.072917
2 0.236572 0.408203 0.065918 0.058594
2 0.225830 0.509115 0.057129 0.057292
2 0.222900 0.597982 0.061035 0.065755
2 0.223877 0.729818 0.063965 0.084635
3 0.322510 0.408854 0.058105 0.069010
3 0.315186 0.500651 0.058105 0.069010
3 0.303955 0.599935 0.059082 0.072266
3 0.314941 0.725260 0.072266 0.101562
4 0.446289 0.400716 0.076172 0.089193
4 0.441162 0.498372 0.066895 0.082682
4 0.422119 0.599609 0.070801 0.084635
4 0.434814 0.721354 0.095215 0.109375
4 0.427734 0.295898 0.056641 0.086589
5 0.539795 0.297526 0.079590 0.092448
5 0.537109 0.386068 0.076172 0.072917
5 0.539551 0.499674 0.083008 0.086589
5 0.542725 0.600260 0.079590 0.092448
5 0.527100 0.708984 0.074707 0.098958
6 0.623047 0.291992 0.054688 0.076172
6 0.623535 0.398112 0.054688 0.076172
6 0.634277 0.498372 0.054688 0.076172
6 0.626953 0.602539 0.054688 0.076172
6 0.627441 0.721680 0.054688 0.076172
7 0.730469 0.282878 0.067383 0.074870
7 0.726807 0.396159 0.068848 0.082682
7 0.731689 0.504232 0.068848 0.082682
7 0.725830 0.606445 0.078613 0.103516
7 0.735107 0.728190 0.096191 0.095703
8 0.813965 0.276367 0.067383 0.074870
8 0.822754 0.394206 0.072266 0.098307
8 0.830322 0.497070 0.069824 0.103516
8 0.822510 0.601888 0.074707 0.119141
8 0.827881 0.725911 0.071777 0.121094
9 0.912109 0.282878 0.043945 0.081380
9 0.915039 0.402669 0.064453 0.083984
9 0.921875 0.493490 0.047852 0.093750
9 0.913086 0.606120 0.066406 0.113281
9 0.925537 0.742188 0.072754 0.148438
