0 0.121528 0.157903 0.044643 0.058532
1 0.211310 0.157407 0.057044 0.068122
2 0.302579 0.155093 0.049603 0.072751
3 0.394841 0.154597 0.052083 0.067130
4 0.484127 0.151290 0.054067 0.071759
0 0.120288 0.310681 0.045635 0.066468
0 0.128100 0.513724 0.061260 0.070437
0 0.122396 0.671462 0.047867 0.061839
0 0.128100 0.843254 0.046379 0.052910
1 0.221106 0.314649 0.055308 0.065146
1 0.225322 0.508929 0.055308 0.069444
1 0.227803 0.672950 0.063740 0.069444
1 0.229043 0.840608 0.057788 0.078042
2 0.305432 0.306217 0.050347 0.064153
3 0.393849 0.307374 0.052083 0.073082
3 0.390625 0.500496 0.048611 0.070437
3 0.393601 0.661376 0.049603 0.066138
3 0.405134 0.835152 0.056300 0.065146
4 0.489583 0.308036 0.053075 0.076389
4 0.498636 0.503307 0.061260 0.080688
4 0.497024 0.658730 0.062996 0.074074
4 0.506076 0.829530 0.061260 0.073743
5 0.564856 0.148148 0.052827 0.069444
5 0.579365 0.311343 0.062004 0.084987
5 0.582589 0.502149 0.062004 0.078373
5 0.588418 0.653770 0.060268 0.074735
5 0.596726 0.825728 0.062004 0.083995
6 0.642609 0.147983 0.046131 0.080357
6 0.649182 0.311343 0.046379 0.071759
6 0.663690 0.504464 0.042163 0.065146
6 0.673115 0.661045 0.044643 0.062831
6 0.671503 0.832341 0.051339 0.081349
7 0.717882 0.154101 0.056300 0.094577
7 0.728175 0.312004 0.053571 0.086310
7 0.740575 0.506614 0.048611 0.076058
7 0.746404 0.658234 0.058780 0.077050
7 0.750124 0.830688 0.056300 0.089286
8 0.786086 0.152447 0.043899 0.074074
8 0.800967 0.311343 0.043899 0.069775
8 0.814608 0.506118 0.046379 0.061839
8 0.821677 0.664683 0.052083 0.079365
8 0.823661 0.836806 0.054563 0.077050
9 0.880704 0.166832 0.058036 0.084987
9 0.882812 0.317956 0.053819 0.078373
9 0.883185 0.511078 0.051091 0.091601
9 0.895585 0.677579 0.054563 0.095899
9 0.902654 0.845073 0.048859 0.093585
2 0.302951 0.511574 0.055308 0.074735
2 0.311756 0.670304 0.049603 0.068122
2 0.314608 0.833333 0.048859 0.079365
