0 0.096974 0.156746 0.063988 0.058862
0 0.095486 0.304233 0.063988 0.058862
0 0.099950 0.449735 0.063988 0.058862
0 0.105903 0.586640 0.063988 0.058862
0 0.111111 0.728836 0.063988 0.058862
1 0.180184 0.157738 0.065724 0.060847
1 0.180432 0.305556 0.065724 0.060847
1 0.185392 0.439484 0.065724 0.060847
1 0.188864 0.588294 0.065724 0.060847
1 0.193328 0.729497 0.065724 0.060847
2 0.267361 0.155093 0.070437 0.066138
2 0.272569 0.293981 0.070437 0.066138
2 0.275298 0.433862 0.070437 0.066138
2 0.285218 0.585648 0.070437 0.066138
2 0.279762 0.718254 0.070437 0.066138
3 0.368056 0.151124 0.070437 0.066138
3 0.366815 0.294643 0.070437 0.066138
3 0.366319 0.428571 0.070437 0.066138
3 0.373016 0.575066 0.070437 0.066138
3 0.374256 0.717262 0.070437 0.066138
4 0.459821 0.152612 0.077877 0.073743
4 0.459325 0.292824 0.077877 0.073743
4 0.464534 0.421131 0.077877 0.073743
4 0.467262 0.575231 0.077877 0.073743
4 0.466766 0.712136 0.077877 0.073743
5 0.543899 0.148148 0.060020 0.069444
5 0.549851 0.289352 0.060020 0.069444
5 0.550099 0.416667 0.060020 0.069444
5 0.555060 0.561177 0.060020 0.069444
5 0.563740 0.706680 0.062004 0.075397
6 0.630580 0.148148 0.057788 0.076058
6 0.628968 0.291005 0.062004 0.075397
6 0.632440 0.415013 0.062004 0.075397
6 0.643105 0.564815 0.062004 0.075397
6 0.646577 0.709325 0.062004 0.075397
7 0.696181 0.137897 0.062004 0.075397
7 0.702133 0.284392 0.062004 0.075397
7 0.710317 0.406415 0.062004 0.075397
7 0.722718 0.546627 0.062004 0.075397
7 0.730159 0.699735 0.062004 0.075397
8 0.765625 0.132606 0.062004 0.075397
8 0.775546 0.279101 0.062004 0.075397
8 0.784722 0.412037 0.062004 0.075397
8 0.797123 0.545635 0.062004 0.075397
8 0.800843 0.699735 0.062004 0.075397
9 0.841022 0.132606 0.062004 0.075397
9 0.848462 0.282077 0.063492 0.085317
9 0.851438 0.409392 0.054563 0.080688
9 0.867312 0.547950 0.063492 0.085317
9 0.867312 0.706019 0.050099 0.086640
