0 0.132937 0.364418 0.069444 0.066138
0 0.132937 0.248347 0.054563 0.054894
0 0.131200 0.501984 0.061012 0.059524
0 0.128720 0.648644 0.062996 0.057870
0 0.118056 0.783234 0.064484 0.061839
1 0.198909 0.247189 0.054563 0.070437
1 0.200645 0.358631 0.061012 0.081680
1 0.199901 0.500827 0.059524 0.075066
1 0.196429 0.646495 0.059524 0.075397
1 0.186632 0.785549 0.056300 0.088294
2 0.263517 0.236276 0.057788 0.083664
2 0.265873 0.354167 0.059524 0.085979
2 0.265997 0.498512 0.056300 0.096892
2 0.265997 0.634259 0.062748 0.090608
2 0.259301 0.779927 0.062748 0.094907
3 0.332837 0.239418 0.064484 0.072751
3 0.330481 0.356316 0.062748 0.077050
3 0.331225 0.498677 0.071181 0.092593
3 0.334573 0.638724 0.064484 0.099537
3 0.327877 0.779927 0.064484 0.090278
4 0.399926 0.239583 0.062748 0.090278
4 0.396577 0.357474 0.065972 0.083995
4 0.404018 0.496362 0.064484 0.087963
4 0.404018 0.639881 0.064484 0.101852
4 0.396577 0.782242 0.059524 0.094907
5 0.467758 0.246032 0.059524 0.085979
5 0.458581 0.355324 0.054563 0.088294
5 0.461930 0.494213 0.061260 0.101521
5 0.465154 0.637566 0.061260 0.101852
5 0.462674 0.782077 0.066220 0.112434
6 0.531374 0.247189 0.057788 0.083664
6 0.522321 0.361772 0.059524 0.079365
6 0.521329 0.496362 0.054563 0.074735
6 0.527158 0.638558 0.062748 0.068122
6 0.531374 0.771164 0.067708 0.081349
7 0.597470 0.252811 0.064484 0.090278
7 0.590898 0.369544 0.071181 0.090278
7 0.591766 0.496362 0.069444 0.074735
7 0.592510 0.647487 0.061012 0.090608
7 0.603299 0.779927 0.072669 0.081680
8 0.661086 0.251653 0.056300 0.083995
8 0.660342 0.365245 0.061260 0.081680
8 0.661086 0.493056 0.062748 0.077381
8 0.655382 0.649802 0.057788 0.090608
8 0.670139 0.783399 0.064484 0.092593
9 0.724826 0.249504 0.061260 0.083664
9 0.723090 0.370701 0.051339 0.079365
9 0.726438 0.499669 0.058036 0.094577
9 0.721478 0.643022 0.064484 0.099537
9 0.733011 0.783234 0.061260 0.110119
