0 0.123816 0.231498 0.050068 0.047834
0 0.116712 0.360108 0.046685 0.041516
0 0.122463 0.467960 0.054127 0.046029
0 0.118742 0.578971 0.050744 0.042419
0 0.116373 0.693141 0.054127 0.048736
1 0.201286 0.238267 0.060217 0.052347
1 0.193166 0.356949 0.050744 0.049639
1 0.193505 0.458935 0.051421 0.047834
1 0.192828 0.572653 0.048714 0.056859
1 0.196549 0.703971 0.054804 0.061372
2 0.297023 0.244585 0.052774 0.055957
2 0.294317 0.352888 0.047361 0.059567
2 0.293640 0.457581 0.052774 0.055957
2 0.298038 0.563177 0.053451 0.064982
2 0.300406 0.709386 0.056834 0.077617
3 0.390731 0.240975 0.053451 0.054152
3 0.381258 0.348827 0.042625 0.055054
3 0.383627 0.459386 0.047361 0.068592
3 0.379905 0.564531 0.052097 0.062274
3 0.372124 0.708484 0.060893 0.063177
4 0.469215 0.251805 0.050744 0.077617
4 0.465832 0.354242 0.049391 0.060469
4 0.460419 0.457581 0.049391 0.066787
4 0.460081 0.564079 0.046008 0.075812
4 0.463464 0.709386 0.052774 0.081227
5 0.548038 0.254061 0.048714 0.078520
5 0.547023 0.357401 0.052097 0.075812
5 0.541610 0.456679 0.048038 0.075812
5 0.549391 0.563628 0.054127 0.071300
5 0.538904 0.703971 0.056157 0.083032
6 0.622124 0.255866 0.049391 0.064079
6 0.616035 0.359206 0.052097 0.064982
6 0.608931 0.461643 0.047361 0.062274
6 0.625507 0.564079 0.053451 0.064982
6 0.623139 0.707581 0.050068 0.075812
7 0.705683 0.250903 0.058187 0.064982
7 0.694520 0.363267 0.050744 0.074910
7 0.688769 0.459838 0.056834 0.062274
7 0.698917 0.560921 0.051421 0.067690
7 0.694520 0.707130 0.054804 0.074910
8 0.787212 0.255415 0.060217 0.064982
8 0.783153 0.365523 0.053451 0.081227
8 0.776725 0.464801 0.060893 0.077617
8 0.780447 0.565884 0.057510 0.066787
8 0.776725 0.702617 0.056834 0.069495
9 0.866373 0.256769 0.046685 0.062274
9 0.856563 0.353339 0.046008 0.069495
9 0.848106 0.465253 0.046685 0.076715
9 0.842693 0.560469 0.043978 0.066787
9 0.855548 0.703520 0.048038 0.078520
