0 0.085294 0.130584 0.049673 0.056946
0 0.080882 0.302405 0.044771 0.054001
0 0.076797 0.490918 0.046405 0.054001
0 0.068954 0.653657 0.041176 0.054492
0 0.058660 0.848797 0.044771 0.052037
1 0.172059 0.125430 0.061765 0.072165
1 0.173039 0.287923 0.080719 0.067256
1 0.154085 0.454836 0.063725 0.075110
1 0.141176 0.652430 0.065359 0.087383
1 0.141993 0.852725 0.060458 0.074620
2 0.261601 0.117575 0.055229 0.077074
2 0.257190 0.277860 0.070588 0.093274
2 0.237582 0.450908 0.079085 0.103584
2 0.233170 0.652430 0.070261 0.098184
2 0.224673 0.847570 0.050000 0.095729
3 0.348529 0.106038 0.066993 0.090329
3 0.346732 0.272705 0.073856 0.103584
3 0.335458 0.432744 0.068954 0.113402
3 0.319935 0.640893 0.065359 0.095729
3 0.318301 0.826951 0.068627 0.100638
4 0.440359 0.095729 0.061765 0.085420
4 0.423366 0.265096 0.058497 0.098184
4 0.414379 0.423662 0.051634 0.090329
4 0.401797 0.625184 0.077451 0.100638
4 0.399183 0.823024 0.055229 0.087874
5 0.534150 0.086647 0.063725 0.092784
5 0.510948 0.244232 0.058497 0.087874
5 0.503268 0.433972 0.060131 0.106038
5 0.493627 0.610947 0.072222 0.108493
5 0.467974 0.808787 0.051634 0.105547
6 0.620915 0.075110 0.051634 0.090329
6 0.599510 0.237604 0.050000 0.085420
6 0.591013 0.409671 0.050000 0.087874
6 0.576307 0.595484 0.051307 0.082474
6 0.554739 0.808787 0.063725 0.095729
7 0.707843 0.069956 0.073856 0.100638
7 0.703595 0.246686 0.103268 0.129111
7 0.688072 0.412126 0.085948 0.087874
7 0.667484 0.596711 0.082680 0.100638
7 0.664052 0.793078 0.075817 0.095729
8 0.797386 0.063328 0.056863 0.093274
8 0.805065 0.235150 0.072222 0.126657
8 0.787908 0.416053 0.062092 0.121257
8 0.781863 0.586647 0.066993 0.106038
8 0.762908 0.771232 0.056536 0.093274
9 0.880882 0.059401 0.058497 0.090329
9 0.873039 0.256996 0.053268 0.165439
9 0.872222 0.423662 0.051634 0.106038
9 0.876471 0.594256 0.056863 0.095729
9 0.873039 0.775160 0.050000 0.090329
